Sample	Digest	Site	A	T	C	G
SRR1944924	End_3p	-10	0.2882331840577803	0.2870026688086519	0.2199329906206352	0.2048311565129326
SRR1944924	End_3p	-9	0.2861565123160655	0.2856575981264699	0.2062932488377062	0.2218926407197583
SRR1944924	End_3p	-8	0.2989938728257126	0.2767263435940392	0.2006136915815074	0.2236660919987407
SRR1944924	End_3p	-7	0.2889243392808853	0.2882751096199312	0.2166545349709129	0.2061460161282705
SRR1944924	End_3p	-6	0.2857018665876822	0.2867481559843006	0.2050203147845192	0.2225296626434979
SRR1944924	End_3p	-5	0.2977121837286646	0.2794150052326801	0.1976100949848272	0.2252627160538279
SRR1944924	End_3p	-4	0.2888143463354777	0.2882227026672426	0.2167181631770007	0.2062447878202789
SRR1944924	End_3p	-3	0.2834204994542895	0.287188127765931	0.205105645634544	0.2242857271452354
SRR1944924	End_3p	-2	0.292249776222312	0.2812610863825651	0.2004364944261814	0.2260526429689414
SRR1944924	End_3p	-1	0.2833920147341223	0.2948576694985739	0.2132695390691366	0.2084807766981671
SRR1944924	End_3p	0	0.2813280439715296	0.2877161432280783	0.2014237181043579	0.2295320946960341
SRR1944924	End_3p	1	0.295540192988295	0.2788697263037648	0.1943048809616145	0.2312851997463257
SRR1944924	End_3p	2	0.2880164042393648	0.288494232337408	0.2116634201073269	0.2118259433159001
SRR1944924	End_3p	3	0.2852504269316987	0.2854632608148529	0.2002511587793791	0.2290351534740692
SRR1944924	End_3p	4	0.2957535201133568	0.2793884934801435	0.193038482363704	0.2318195040427956
SRR1944924	End_3p	5	0.289667901456679	0.2877935822075806	0.210491230713779	0.2120472856219614
SRR1944924	End_5p	-5	0.3035239441402363	0.2765546138006403	0.2146997941569995	0.2052216479021238
SRR1944924	End_5p	-4	0.2971907956717768	0.2748146054479117	0.2053256574454297	0.2226689414348817
SRR1944924	End_5p	-3	0.3092640169149515	0.2696149888816749	0.1934048851782589	0.2277161090251146
SRR1944924	End_5p	-2	0.2847636223302834	0.2788111045309434	0.2352981096695803	0.2011271634691928
SRR1944924	End_5p	-1	0.2338061997310259	0.2932394165679334	0.2819391362216431	0.1910152474793975
SRR1944924	End_5p	0	0.4535344741844256	0.2499157534993494	0.1514568282326651	0.1450929440835597
SRR1944924	End_5p	1	0.2695194623862272	0.3335145918873294	0.2686482902539984	0.1283176554724449
SRR1944924	End_5p	2	0.2976328977021882	0.2625104977717246	0.1807511283990435	0.2591054761270436
SRR1944924	End_5p	3	0.3540960642469162	0.2979424674776542	0.1288378261316969	0.2191236421437326
SRR1944924	End_5p	4	0.2773400948552282	0.2382364407393332	0.2584264634702132	0.2259970009352253
SRR1944924	End_5p	5	0.2715883425218675	0.2827691225418063	0.1949250719430076	0.2507174629933184
SRR1944924	End_5p	6	0.2894602802184299	0.2756325433812617	0.208822763189326	0.2260844132109823
SRR1944924	End_5p	7	0.2920563387485094	0.2981073336686391	0.2180872349923511	0.1917490925905003
SRR1944924	End_5p	8	0.2848238642643494	0.2774465632529858	0.2071101710637336	0.2306194014189311
SRR1944924	End_5p	9	0.2993558170164776	0.2700018896296461	0.198831576953108	0.2318107164007682
SRR1944924	End_5p	10	0.2870621594717102	0.2850423334823809	0.2214514396531343	0.2064440673927745
SRR1944925	End_3p	-10	0.2825358809565438	0.2888032405804788	0.2170792297050081	0.2115816487579691
SRR1944925	End_3p	-9	0.2791632881283934	0.2887844654907984	0.2027856365870172	0.2292666097937908
SRR1944925	End_3p	-8	0.2930534515068769	0.2773694456537428	0.1963592754223515	0.2332178274170287
SRR1944925	End_3p	-7	0.283603244804874	0.2901024767863617	0.2136727243711225	0.2126215540376417
SRR1944925	End_3p	-6	0.278345985005744	0.2895489636737218	0.2018236479295183	0.2302814033910158
SRR1944925	End_3p	-5	0.2914847927640804	0.2809252129505875	0.1935374967876995	0.2340524974976325
SRR1944925	End_3p	-4	0.2828869751335671	0.2894767969227628	0.2145819080888953	0.2130543198547747
SRR1944925	End_3p	-3	0.2755218594848819	0.290165842714033	0.2025470756037658	0.2317652221973191
SRR1944925	End_3p	-2	0.2845134846214414	0.2831547548501337	0.1986497190190485	0.2336820415093764
SRR1944925	End_3p	-1	0.2755355887692107	0.2988034400658066	0.211648652359266	0.2140123188057165
SRR1944925	End_3p	0	0.2744501538970632	0.2894804345963884	0.1992983983675059	0.2367710131390424
SRR1944925	End_3p	1	0.2902427032374122	0.2790289288928682	0.1917476440196059	0.2389807238501137
SRR1944925	End_3p	2	0.2835726179398329	0.2879025056530621	0.2114418916841607	0.2170829847229442
SRR1944925	End_3p	3	0.2819505675357577	0.2854755906232508	0.1994541142675426	0.2331197275734487
SRR1944925	End_3p	4	0.2935160227788775	0.2783710966881915	0.1918805951234051	0.2362322854095258
SRR1944925	End_3p	5	0.2881041031785053	0.2865096286873982	0.2109322653436486	0.2144540027904477
SRR1944925	End_5p	-5	0.3015356098204715	0.2769942582807319	0.2148036867364389	0.2066664451623575
SRR1944925	End_5p	-4	0.2937874826823017	0.2770056064768484	0.2054230572414711	0.2237838535993787
SRR1944925	End_5p	-3	0.3060773450930283	0.269814125906949	0.1929911668917197	0.2311173621083029
SRR1944925	End_5p	-2	0.2823927238642269	0.2786578804330659	0.2379536558389277	0.2009957398637795
SRR1944925	End_5p	-1	0.2283658340210496	0.2932432372355607	0.2917233978979397	0.1866675308454499
SRR1944925	End_5p	0	0.4503776141505688	0.2459355324187545	0.1548013281835141	0.1488855252471625
SRR1944925	End_5p	1	0.2713949179268039	0.327672026368996	0.2670087816319267	0.1339242740722732
SRR1944925	End_5p	2	0.2934914936495728	0.2614288619022805	0.1825765646413139	0.2625030798068326
SRR1944925	End_5p	3	0.3466450403586311	0.2939547808312355	0.1327667580683919	0.2266334207417415
SRR1944925	End_5p	4	0.272463520229154	0.2371558893511101	0.2597724932361241	0.2306080971836117
SRR1944925	End_5p	5	0.2668440573006689	0.2839663793896168	0.194734226416869	0.2544553368928451
SRR1944925	End_5p	6	0.2869759911947357	0.2749919451205915	0.2057342551968303	0.2322978084878423
SRR1944925	End_5p	7	0.2898987951491492	0.2973966770141936	0.2159326567624602	0.1967718710741968
SRR1944925	End_5p	8	0.2812008122968585	0.2783102980551064	0.2040203266081037	0.2364685630399313
SRR1944925	End_5p	9	0.2965819467280576	0.2698877136941373	0.1939347050533634	0.2395956345244415
SRR1944925	End_5p	10	0.284392814181829	0.2855565307464749	0.2177922400333005	0.2122584150383955
SRR1944926	End_3p	-10	0.2959962993177863	0.2817480319992629	0.2162786200826609	0.2059770486002898
SRR1944926	End_3p	-9	0.2950638548663373	0.2797508274275487	0.2034939649593817	0.2216913527467321
SRR1944926	End_3p	-8	0.3052483512281327	0.2747772996536845	0.2013613273339838	0.2186130217841988
SRR1944926	End_3p	-7	0.2958723832693071	0.2836422762763288	0.2139969541417965	0.2064883863125675
SRR1944926	End_3p	-6	0.2950590056009881	0.2800071457388682	0.2036790163888716	0.221254832271272
SRR1944926	End_3p	-5	0.3039132445646446	0.2772037508028348	0.199647804785203	0.2192351998473174
SRR1944926	End_3p	-4	0.295496305422665	0.2839084663063951	0.2144218710180279	0.2061733572529119
SRR1944926	End_3p	-3	0.2943629628353169	0.2811791958549865	0.2029075502282142	0.2215502910814823
SRR1944926	End_3p	-2	0.3036396940425303	0.2762886251562048	0.2001689276222034	0.2199027531790614
SRR1944926	End_3p	-1	0.2956181432145658	0.2841942265859067	0.2133378004303896	0.2068498297691377
SRR1944926	End_3p	0	0.2935339982426608	0.2816169286467839	0.2016956668610125	0.2231534062495426
SRR1944926	End_3p	1	0.3038135748429119	0.2769393792472745	0.1975209689594195	0.221726076950394
SRR1944926	End_3p	2	0.2946759136383943	0.2841296274439323	0.2112171127803167	0.2099773461373566
SRR1944926	End_3p	3	0.2933393348764965	0.2814610594034139	0.2006770613555896	0.2245225443644999
SRR1944926	End_3p	4	0.3006341886542604	0.2787396690081979	0.1970258243296475	0.2236003180078941
SRR1944926	End_3p	5	0.2935932285551414	0.2855869182754176	0.2087942985801784	0.2120255545892624
SRR1944926	End_5p	-5	0.3037092573456987	0.2764878077415467	0.2110638907664803	0.2087390441462743
SRR1944926	End_5p	-4	0.2998253624183032	0.2733231813908679	0.2005650039407837	0.2262864522500451
SRR1944926	End_5p	-3	0.3083737986652267	0.2707858863828439	0.1948669672539427	0.2259733476979866
SRR1944926	End_5p	-2	0.2948225956686772	0.2813452877635426	0.2186411590479618	0.2051909575198183
SRR1944926	End_5p	-1	0.26893600564227	0.2845486745067977	0.2371267585693703	0.2093885612815618
SRR1944926	End_5p	0	0.3803179215451671	0.284536934165171	0.1543683135085579	0.1807768307811039
SRR1944926	End_5p	1	0.261287518376656	0.3206596345473365	0.2599774343727852	0.1580754127032222
SRR1944926	End_5p	2	0.3029697021492594	0.2641810809574249	0.178338724394617	0.2545104924986986
SRR1944926	End_5p	3	0.3574856331885646	0.2959079729868551	0.1351971988926095	0.2114091949319707
SRR1944926	End_5p	4	0.2767119964709914	0.232178377225809	0.2634814083920997	0.2276282179110997
SRR1944926	End_5p	5	0.2768297451914236	0.2748552959731491	0.1970719933287235	0.2512429655067036
SRR1944926	End_5p	6	0.2933515135976464	0.2704912556036392	0.2144913799131387	0.2216658508855757
SRR1944926	End_5p	7	0.2990264149053996	0.2915204519340918	0.2170919519094888	0.1923611812510197
SRR1944926	End_5p	8	0.2946272398370509	0.2678319818991556	0.2068062904059827	0.2307344878578106
SRR1944926	End_5p	9	0.3054030606034708	0.2651149560729938	0.2009861023705994	0.2284958809529359
SRR1944926	End_5p	10	0.2954679691539789	0.2792953895851084	0.2175647596380867	0.207671881622826
SRR1944927	End_3p	-10	0.2921170094807119	0.2858141226066467	0.2181752869683862	0.2038935809442551
SRR1944927	End_3p	-9	0.2921969979245755	0.283176528983042	0.2037485667330874	0.220877906359295
SRR1944927	End_3p	-8	0.3019372503595542	0.2785144739707929	0.2030138205630826	0.2165344551065702
SRR1944927	End_3p	-7	0.2921143094488515	0.2875655432734106	0.2155204806416715	0.2047996666360663
SRR1944927	End_3p	-6	0.2923296369897165	0.2828268748571233	0.2031952852043654	0.2216482029487948
SRR1944927	End_3p	-5	0.3011297158306468	0.2798773150523176	0.2010519099125369	0.2179410592044986
SRR1944927	End_3p	-4	0.292161335003753	0.2879513103254618	0.2147545716039449	0.2051327830668401
SRR1944927	End_3p	-3	0.2913349002518229	0.2834388820788085	0.201875082125969	0.2233511355433994
SRR1944927	End_3p	-2	0.2996223105432644	0.279417297124106	0.2011414609692394	0.2198189313633901
SRR1944927	End_3p	-1	0.2893837897287188	0.2892838885498849	0.2139120491621801	0.2074202725592162
SRR1944927	End_3p	0	0.288182613054834	0.2844878444565646	0.2005773793130759	0.2267521631755254
SRR1944927	End_3p	1	0.2988532514683673	0.2795362110272901	0.1982999024388488	0.2233106350654937
SRR1944927	End_3p	2	0.2889755224111645	0.2876562193433882	0.2120213518519518	0.2113469063934954
SRR1944927	End_3p	3	0.2895339790009522	0.282483408304218	0.1992812515187679	0.2287013611760618
SRR1944927	End_3p	4	0.2983089700458465	0.2795749114839555	0.1964970686654102	0.2256190498047877
SRR1944927	End_3p	5	0.2911668232685145	0.287618643899998	0.2094035584619898	0.2118109743694975
SRR1944927	End_5p	-5	0.3011635398960419	0.2777012326268654	0.2134780621946522	0.2076571652824403
SRR1944927	End_5p	-4	0.298125755112834	0.2739014493117836	0.2012076644576712	0.2267651311177111
SRR1944927	End_5p	-3	0.3052844126984946	0.2713713269780352	0.1974466990890011	0.225897561234469
SRR1944927	End_5p	-2	0.2885534290326601	0.2803257072523255	0.2237474284512884	0.2073734352637258
SRR1944927	End_5p	-1	0.2665644086775836	0.2895916408132786	0.2308591903675846	0.2129847601415531
SRR1944927	End_5p	0	0.3833966667949379	0.2999755536690083	0.1531443153641768	0.1634834641718769
SRR1944927	End_5p	1	0.2447249383877291	0.3404567256748068	0.2776629756334365	0.1371553603040275
SRR1944927	End_5p	2	0.3000426436457546	0.2665879687028624	0.1815021715050918	0.2518672161462911
SRR1944927	End_5p	3	0.353543534382996	0.2961643269130768	0.1376843389668345	0.2126077997370925
SRR1944927	End_5p	4	0.2718585707389198	0.2313279226800359	0.2694366001402606	0.2273769064407836
SRR1944927	End_5p	5	0.273471534945744	0.2809154932184711	0.1963683230748121	0.2492446487609726
SRR1944927	End_5p	6	0.2923685824594714	0.2759304162506732	0.2154279347629631	0.2162730665268921
SRR1944927	End_5p	7	0.2961779019752613	0.2965398288397821	0.2178639291861929	0.1894183399987636
SRR1944927	End_5p	8	0.2918034784245703	0.2707465375457611	0.2061699667343662	0.2312800172953023
SRR1944927	End_5p	9	0.3022965527307584	0.2702408945270398	0.201826844360117	0.2256357083820848
SRR1944927	End_5p	10	0.2908196790832861	0.2851789602691587	0.2193588688854301	0.2046424917621249
SRR1944928	End_3p	-10	0.2949056239844308	0.2851765634219304	0.2135443146988577	0.206373497894781
SRR1944928	End_3p	-9	0.2934244855457922	0.2836351640248721	0.2010701776820456	0.2218701727472899
SRR1944928	End_3p	-8	0.3042546134627251	0.2769549758113936	0.1983812103484672	0.2204092003774139
SRR1944928	End_3p	-7	0.2947343310238835	0.2867671917515559	0.2111214208490104	0.2073770563755501
SRR1944928	End_3p	-6	0.293295778577514	0.2843165399011768	0.2006612809819025	0.2217264005394067
SRR1944928	End_3p	-5	0.3032063337588769	0.2793862919605476	0.1958549950521957	0.2215523792283797
SRR1944928	End_3p	-4	0.2952077591440666	0.2869631584903538	0.2105541611971148	0.2072749211684647
SRR1944928	End_3p	-3	0.2919811881420668	0.2847703950722668	0.1994573666767813	0.2237910501088849
SRR1944928	End_3p	-2	0.3005425146992848	0.2796488067262617	0.1965786010489677	0.2232300775254857
SRR1944928	End_3p	-1	0.291652599845172	0.2896548541744118	0.2094152528077692	0.2092772931726469
SRR1944928	End_3p	0	0.2895343322575724	0.2851381292673477	0.1986676871488286	0.2266598513262511
SRR1944928	End_3p	1	0.3006598337699089	0.2793177273267551	0.1933374393030986	0.2266849996002373
SRR1944928	End_3p	2	0.2922395510700946	0.2866508216724029	0.2075157277542757	0.2135938995032267
SRR1944928	End_3p	3	0.2913713424979021	0.2835501106642679	0.1967001905812122	0.2283783562566177
SRR1944928	End_3p	4	0.3001397864437042	0.2792013572476021	0.1923608084553242	0.2282980478533694
SRR1944928	End_3p	5	0.2946283998509134	0.2865701573973529	0.2058814458169761	0.2129199969347575
SRR1944928	End_5p	-5	0.3061042434942132	0.2768128580899864	0.2105342644057341	0.2065486340100662
SRR1944928	End_5p	-4	0.3006580470801334	0.2740428680265659	0.2015558635161962	0.2237432213771044
SRR1944928	End_5p	-3	0.3095269350844041	0.2718990882520111	0.1937971239503734	0.2247768527132113
SRR1944928	End_5p	-2	0.2924931873760736	0.2807798027017751	0.2236565335316391	0.203070476390512
SRR1944928	End_5p	-1	0.2538142060682438	0.2872668445837126	0.2569816829646912	0.2019372663833523
SRR1944928	End_5p	0	0.4171719515503642	0.2767740673487687	0.1508327118536226	0.1552212692472444
SRR1944928	End_5p	1	0.2653360023255522	0.335930539028098	0.262023533207358	0.1367099254389917
SRR1944928	End_5p	2	0.3013353476135297	0.2656942253595417	0.1777258123762806	0.2552446146506479
SRR1944928	End_5p	3	0.3560016727324505	0.2976777828158435	0.1320734857478322	0.2142470587038736
SRR1944928	End_5p	4	0.2803991094213486	0.234762866758771	0.2582370601537958	0.2266009636660845
SRR1944928	End_5p	5	0.276921779652979	0.2801958128233202	0.1929666709478399	0.2499157365758608
SRR1944928	End_5p	6	0.2944097811327038	0.2752494019957836	0.208981688641385	0.2213591282301275
SRR1944928	End_5p	7	0.2985353183785564	0.2954726237891789	0.2139372058319514	0.1920548520003131
SRR1944928	End_5p	8	0.2933003422809854	0.2729230219028136	0.2036083431315434	0.2301682926846575
SRR1944928	End_5p	9	0.3047769615165098	0.2696291203040437	0.1975111008930622	0.2280828172863842
SRR1944928	End_5p	10	0.2938889444731827	0.2841227840493418	0.215434906889212	0.2065533645882634
SRR1944929	End_3p	-10	0.2980034399052822	0.2799442077341321	0.2158261210941896	0.2062262312663959
SRR1944929	End_3p	-9	0.2972258492350715	0.2774499787880624	0.2023031050596964	0.2230210669171695
SRR1944929	End_3p	-8	0.3075809408576549	0.2720277448896546	0.2011402363399451	0.2192510779127453
SRR1944929	End_3p	-7	0.2978262228249106	0.2821243160232379	0.2139918566722366	0.2060576044796149
SRR1944929	End_3p	-6	0.2976135623284647	0.2776414002909065	0.2023712862875646	0.2223737510930641
SRR1944929	End_3p	-5	0.3062330088051185	0.274273261162241	0.1997363659189097	0.2197573641137306
SRR1944929	End_3p	-4	0.2982825229868139	0.2822355839992727	0.2143494699180093	0.2051324230959039
SRR1944929	End_3p	-3	0.2972021751976173	0.2784273783343867	0.2017803146726002	0.2225901317953957
SRR1944929	End_3p	-2	0.3068583415944451	0.2742681881542151	0.2000061146656739	0.2188673555856659
SRR1944929	End_3p	-1	0.2979537244266283	0.28260192281885	0.2137936035185842	0.2056507492359373
SRR1944929	End_3p	0	0.2966632188249452	0.2797145019307192	0.2004582887810495	0.223163990463286
SRR1944929	End_3p	1	0.3081067074094596	0.2748383942563268	0.1975701238517415	0.219484774482472
SRR1944929	End_3p	2	0.2978386009644938	0.2831334387797508	0.2121763285599258	0.2068516316958294
SRR1944929	End_3p	3	0.2976635483675466	0.278658842780582	0.2003382275911031	0.2233393812607683
SRR1944929	End_3p	4	0.306050718716721	0.276376395009567	0.1975020779040874	0.2200708083696245
SRR1944929	End_3p	5	0.2976836374793292	0.285355483935204	0.2097505514021523	0.2072103271833144
SRR1944929	End_5p	-5	0.3046879269618487	0.2756673079917925	0.2110497414786543	0.2085950235677044
SRR1944929	End_5p	-4	0.3014058949214692	0.2717788574574211	0.19919011223156	0.2276251353895496
SRR1944929	End_5p	-3	0.3100885489602911	0.2690975833761411	0.1938975121073113	0.2269163555562564
SRR1944929	End_5p	-2	0.2953384753901844	0.2815992116222641	0.2176828101752427	0.2053795028123087
SRR1944929	End_5p	-1	0.2690109906697538	0.2954905011844332	0.2241172210520414	0.2113812870937715
SRR1944929	End_5p	0	0.3871377282939208	0.2828234370673523	0.1548510076459675	0.1751878269927593
SRR1944929	End_5p	1	0.2494046498733421	0.3295485918846663	0.2798420198621431	0.1412047383798484
SRR1944929	End_5p	2	0.3019321898918076	0.2639652976865191	0.1791603095153524	0.2549422029063208
SRR1944929	End_5p	3	0.3613279129668501	0.2943604158255887	0.1327219551325788	0.2115897160749824
SRR1944929	End_5p	4	0.275012977113177	0.2270682465758649	0.2684340878219858	0.2294846884889721
SRR1944929	End_5p	5	0.2785095703809007	0.2741731289422003	0.1953769333337915	0.2519403673431073
SRR1944929	End_5p	6	0.2966942408841971	0.269435463399352	0.2139362099497782	0.2199340857666726
SRR1944929	End_5p	7	0.3020805767707686	0.2906369968382543	0.2168224762589417	0.1904599501320353
SRR1944929	End_5p	8	0.2973791656061587	0.2658117102585132	0.2045027263898921	0.2323063977454359
SRR1944929	End_5p	9	0.3089224787724887	0.2634372506458569	0.199963516504873	0.2276767540767812
SRR1944929	End_5p	10	0.2977975060896236	0.278428301272805	0.2174434504140849	0.2063307422234864
