	A	C	G	T
0	3418207	2497616	2378652	3253666
1	3407439	2349977	2560123	3230602
2	3525051	2325349	2524574	3173167
3	3416776	2471267	2384557	3275541
4	3407383	2352114	2555082	3233562
5	3509633	2305561	2531759	3201188
6	3412433	2476174	2380919	3278615
7	3399345	2343205	2558494	3247097
8	3506474	2311579	2539468	3190620
9	3413840	2463655	2388731	3281915
10	3389772	2329210	2577007	3252152
11	3508482	2281000	2560524	3198135
12	3402959	2439165	2424848	3281169
13	3387524	2317447	2592818	3250352
14	3471766	2275282	2582168	3218925
15	3390456	2411186	2448501	3297998
