	A	C	G	T
0	2588303	1780199	1746498	2340626
1	2542252	1704281	1891889	2317204
2	2617244	1638676	1900629	2299077
3	2473213	1891156	1717088	2374169
4	2146158	2172941	1707506	2429021
5	3527450	1275385	1312493	2340298
6	2243582	2215573	1155968	2840503
7	2547979	1502783	2158253	2246611
8	3010217	1116764	1811593	2517052
9	2370950	2183556	1916053	1985067
10	2341547	1631654	2113194	2369231
11	2489419	1767071	1871730	2327406
12	2524303	1808973	1623944	2498406
13	2480038	1721636	1946217	2307735
14	2577080	1670080	1928583	2279883
15	2485015	1821637	1746538	2402436
