	A	C	G	T
0	0.3037092573456987	0.2110638907664803	0.2087390441462743	0.27648780774154674
1	0.2998253624183032	0.20056500394078378	0.2262864522500451	0.2733231813908679
2	0.30837379866522674	0.19486696725394273	0.2259733476979866	0.2707858863828439
3	0.2948225956686772	0.21864115904796189	0.2051909575198183	0.2813452877635426
4	0.26893600564227005	0.23712675856937032	0.20938856128156189	0.28454867450679777
5	0.3803179215451671	0.15436831350855792	0.18077683078110393	0.28453693416517106
6	0.26128751837665604	0.2599774343727852	0.15807541270322228	0.3206596345473365
7	0.30296970214925945	0.17833872439461707	0.2545104924986986	0.2641810809574249
8	0.3574856331885646	0.13519719889260953	0.21140919493197077	0.2959079729868551
9	0.27671199647099143	0.26348140839209977	0.22762821791109972	0.23217837722580906
10	0.27682974519142367	0.19707199332872352	0.25124296550670366	0.27485529597314917
11	0.2933515135976464	0.21449137991313874	0.2216658508855757	0.2704912556036392
12	0.2990264149053996	0.21709195190948888	0.19236118125101972	0.2915204519340918
13	0.29462723983705097	0.20680629040598275	0.23073448785781064	0.26783198189915564
14	0.30540306060347083	0.2009861023705994	0.2284958809529359	0.26511495607299385
15	0.2954679691539789	0.2175647596380867	0.207671881622826	0.2792953895851084
