	A	C	G	T
0	0.28253588095654386	0.21707922970500815	0.21158164875796914	0.28880324058047885
1	0.27916328812839347	0.20278563658701726	0.22926660979379085	0.28878446549079845
2	0.29305345150687695	0.19635927542235151	0.23321782741702876	0.2773694456537428
3	0.28360324480487403	0.2136727243711225	0.2126215540376417	0.29010247678636175
4	0.278345985005744	0.20182364792951832	0.23028140339101588	0.2895489636737218
5	0.29148479276408046	0.1935374967876995	0.23405249749763257	0.2809252129505875
6	0.28288697513356714	0.21458190808889535	0.2130543198547747	0.2894767969227628
7	0.27552185948488195	0.2025470756037658	0.23176522219731915	0.29016584271403306
8	0.2845134846214414	0.19864971901904852	0.2336820415093764	0.2831547548501337
9	0.27553558876921075	0.21164865235926603	0.21401231880571656	0.29880344006580667
10	0.27445015389706323	0.19929839836750596	0.23677101313904245	0.2894804345963884
11	0.2902427032374122	0.1917476440196059	0.23898072385011376	0.2790289288928682
12	0.2835726179398329	0.21144189168416075	0.2170829847229442	0.28790250565306214
13	0.28195056753575776	0.19945411426754267	0.23311972757344873	0.28547559062325084
14	0.29351602277887756	0.19188059512340513	0.2362322854095258	0.27837109668819154
15	0.2881041031785053	0.21093226534364867	0.2144540027904477	0.28650962868739827
