	A	C	G	T
0	2684392	1902816	1850932	2475263
1	2657315	1793445	2021249	2441394
2	2721123	1759922	2013516	2418842
3	2571993	1994351	1848403	2498656
4	2375996	2057741	1898419	2581247
5	3417369	1365037	1457194	2673803
6	2181332	2474922	1222521	3034628
7	2674401	1617802	2244994	2376206
8	3151276	1227236	1895059	2639832
9	2423185	2401597	2026702	2061919
10	2437562	1750310	2221618	2503913
11	2605999	1920196	1927729	2459479
12	2639953	1941909	1688362	2643179
13	2600962	1837676	2061492	2413273
14	2694491	1798964	2011182	2408766
15	2592193	1955234	1824061	2541915
