	A	C	G	T
0	2596565	1939313	1812366	2540540
1	2597276	1811077	1963336	2517095
2	2683855	1804546	1924728	2475655
3	2596541	1915715	1820420	2556108
4	2598455	1806159	1970183	2513987
5	2676677	1787107	1937231	2487769
6	2596959	1908907	1823381	2559537
7	2589613	1794424	1985320	2519427
8	2663278	1787903	1953923	2483680
9	2572270	1901418	1843714	2571382
10	2561593	1782889	2015551	2528751
11	2656442	1762645	1984960	2484737
12	2568641	1884612	1878617	2556914
13	2573605	1771368	2032877	2510934
14	2651604	1746620	2005479	2485081
15	2588119	1861343	1882742	2556580
