	A	C	G	T
0	0.3035239441402363	0.21469979415699958	0.20522164790212383	0.2765546138006403
1	0.29719079567177686	0.20532565744542972	0.22266894143488172	0.2748146054479117
2	0.30926401691495153	0.19340488517825896	0.2277161090251146	0.2696149888816749
3	0.2847636223302834	0.23529810966958037	0.20112716346919282	0.2788111045309434
4	0.2338061997310259	0.2819391362216431	0.19101524747939758	0.2932394165679334
5	0.45353447418442566	0.15145682823266518	0.14509294408355974	0.24991575349934944
6	0.26951946238622726	0.26864829025399845	0.12831765547244492	0.3335145918873294
7	0.2976328977021882	0.18075112839904356	0.2591054761270436	0.26251049777172464
8	0.3540960642469162	0.12883782613169698	0.2191236421437326	0.29794246747765424
9	0.2773400948552282	0.25842646347021325	0.2259970009352253	0.23823644073933328
10	0.27158834252186753	0.19492507194300768	0.25071746299331843	0.28276912254180636
11	0.2894602802184299	0.20882276318932602	0.22608441321098238	0.27563254338126175
12	0.29205633874850945	0.2180872349923511	0.1917490925905003	0.2981073336686391
13	0.28482386426434947	0.20711017106373364	0.23061940141893114	0.2774465632529858
14	0.2993558170164776	0.19883157695310805	0.2318107164007682	0.2700018896296461
15	0.2870621594717102	0.22145143965313432	0.20644406739277457	0.2850423334823809
