	A	C	G	T
0	0.3046879269618487	0.21104974147865435	0.2085950235677044	0.2756673079917925
1	0.3014058949214692	0.19919011223156008	0.2276251353895496	0.27177885745742114
2	0.31008854896029114	0.19389751210731135	0.2269163555562564	0.26909758337614115
3	0.2953384753901844	0.21768281017524274	0.2053795028123087	0.28159921162226415
4	0.2690109906697538	0.2241172210520414	0.21138128709377155	0.2954905011844332
5	0.38713772829392085	0.15485100764596751	0.1751878269927593	0.28282343706735236
6	0.24940464987334215	0.2798420198621431	0.14120473837984845	0.32954859188466634
7	0.30193218989180765	0.17916030951535242	0.2549422029063208	0.26396529768651916
8	0.3613279129668501	0.1327219551325788	0.21158971607498242	0.2943604158255887
9	0.27501297711317707	0.26843408782198586	0.2294846884889721	0.22706824657586494
10	0.27850957038090074	0.19537693333379158	0.2519403673431073	0.27417312894220036
11	0.2966942408841971	0.21393620994977824	0.21993408576667262	0.26943546339935204
12	0.3020805767707686	0.21682247625894172	0.19045995013203534	0.29063699683825434
13	0.29737916560615874	0.20450272638989211	0.2323063977454359	0.26581171025851325
14	0.30892247877248874	0.19996351650487307	0.22767675407678126	0.26343725064585694
15	0.29779750608962363	0.21744345041408497	0.2063307422234864	0.278428301272805
