	A	C	G	T
0	0.2882331840577803	0.2199329906206352	0.20483115651293263	0.2870026688086519
1	0.2861565123160655	0.20629324883770628	0.2218926407197583	0.28565759812646996
2	0.2989938728257126	0.20061369158150744	0.22366609199874074	0.27672634359403925
3	0.28892433928088535	0.21665453497091292	0.20614601612827052	0.2882751096199312
4	0.2857018665876822	0.20502031478451926	0.22252966264349794	0.2867481559843006
5	0.29771218372866465	0.19761009498482726	0.22526271605382797	0.2794150052326801
6	0.28881434633547776	0.2167181631770007	0.2062447878202789	0.2882227026672426
7	0.2834204994542895	0.205105645634544	0.22428572714523545	0.28718812776593106
8	0.292249776222312	0.20043649442618147	0.22605264296894143	0.2812610863825651
9	0.2833920147341223	0.21326953906913662	0.20848077669816714	0.29485766949857395
10	0.2813280439715296	0.2014237181043579	0.22953209469603414	0.28771614322807837
11	0.295540192988295	0.19430488096161455	0.2312851997463257	0.2788697263037648
12	0.28801640423936486	0.21166342010732697	0.2118259433159001	0.28849423233740806
13	0.2852504269316987	0.20025115877937918	0.22903515347406922	0.2854632608148529
14	0.29575352011335687	0.193038482363704	0.23181950404279564	0.2793884934801435
15	0.289667901456679	0.210491230713779	0.2120472856219614	0.2877935822075806
