	A	C	G	T
0	0.30116353989604194	0.21347806219465226	0.20765716528244038	0.2777012326268654
1	0.298125755112834	0.20120766445767121	0.22676513111771116	0.2739014493117836
2	0.3052844126984946	0.19744669908900114	0.22589756123446902	0.27137132697803523
3	0.2885534290326601	0.22374742845128848	0.20737343526372587	0.28032570725232553
4	0.26656440867758363	0.23085919036758465	0.21298476014155313	0.2895916408132786
5	0.3833966667949379	0.15314431536417686	0.1634834641718769	0.29997555366900835
6	0.24472493838772913	0.2776629756334365	0.13715536030402753	0.3404567256748068
7	0.3000426436457546	0.18150217150509182	0.25186721614629115	0.26658796870286244
8	0.353543534382996	0.13768433896683455	0.21260779973709257	0.29616432691307687
9	0.2718585707389198	0.26943660014026066	0.22737690644078362	0.2313279226800359
10	0.27347153494574405	0.19636832307481217	0.24924464876097266	0.2809154932184711
11	0.29236858245947145	0.21542793476296315	0.21627306652689215	0.27593041625067327
12	0.2961779019752613	0.21786392918619296	0.18941833999876365	0.2965398288397821
13	0.2918034784245703	0.20616996673436622	0.23128001729530237	0.27074653754576117
14	0.3022965527307584	0.201826844360117	0.22563570838208483	0.2702408945270398
15	0.29081967908328615	0.21935886888543019	0.20464249176212498	0.2851789602691587
