	A	C	G	T
0	2337459	1783571	1661101	2327480
1	2320618	1672958	1799463	2316572
2	2424724	1626899	1813845	2244143
3	2343064	1756984	1671764	2337799
4	2316931	1662635	1804629	2325416
5	2414330	1602541	1826793	2265947
6	2342172	1757500	1672565	2337374
7	2298430	1663327	1818870	2328984
8	2370032	1625462	1833199	2280918
9	2298199	1729533	1690698	2391181
10	2281461	1633468	1861416	2333266
11	2396716	1575737	1875633	2261525
12	2335701	1716508	1717826	2339576
13	2313270	1623959	1857386	2314996
14	2398446	1565467	1879966	2265732
15	2349094	1707002	1719621	2333894
