	A	C	G	T
0	0.2921170094807119	0.21817528696838623	0.20389358094425514	0.28581412260664674
1	0.2921969979245755	0.20374856673308744	0.22087790635929505	0.283176528983042
2	0.30193725035955427	0.20301382056308265	0.21653445510657027	0.2785144739707929
3	0.2921143094488515	0.21552048064167156	0.2047996666360663	0.2875655432734106
4	0.2923296369897165	0.20319528520436542	0.2216482029487948	0.2828268748571233
5	0.3011297158306468	0.20105190991253696	0.2179410592044986	0.2798773150523176
6	0.292161335003753	0.21475457160394493	0.20513278306684019	0.28795131032546184
7	0.29133490025182296	0.20187508212596908	0.22335113554339941	0.2834388820788085
8	0.29962231054326444	0.20114146096923943	0.2198189313633901	0.27941729712410607
9	0.2893837897287188	0.21391204916218012	0.2074202725592162	0.2892838885498849
10	0.28818261305483406	0.2005773793130759	0.22675216317552546	0.2844878444565646
11	0.29885325146836733	0.1982999024388488	0.22331063506549378	0.27953621102729015
12	0.2889755224111645	0.21202135185195184	0.21134690639349543	0.28765621934338825
13	0.28953397900095224	0.1992812515187679	0.22870136117606188	0.282483408304218
14	0.29830897004584656	0.19649706866541025	0.2256190498047877	0.2795749114839555
15	0.29116682326851456	0.20940355846198985	0.21181097436949756	0.287618643899998
