	A	C	G	T
0	3518165	2444962	2418031	3202832
1	3473174	2323343	2621300	3166173
2	3572199	2257337	2617673	3136781
3	3415222	2532737	2376930	3259101
4	3115352	2746874	2425555	3296209
5	4405599	1788201	2094117	3296073
6	3026752	3011576	1831144	3714518
7	3509598	2065874	2948247	3060271
8	4141110	1566123	2448962	3427795
9	3205429	3052166	2636843	2689552
10	3206793	2282880	2910396	3183921
11	3398181	2484666	2567775	3133368
12	3463919	2514791	2228310	3376970
13	3412959	2395642	2672826	3102563
14	3537786	2328221	2646894	3071089
15	3422698	2520268	2405669	3235355
