	A	C	G	T
0	0.30153560982047156	0.21480368673643896	0.20666644516235758	0.27699425828073193
1	0.29378748268230176	0.20542305724147114	0.22378385359937872	0.2770056064768484
2	0.3060773450930283	0.19299116689171972	0.23111736210830297	0.269814125906949
3	0.2823927238642269	0.2379536558389277	0.20099573986377953	0.2786578804330659
4	0.22836583402104962	0.2917233978979397	0.18666753084544996	0.2932432372355607
5	0.4503776141505688	0.15480132818351414	0.14888552524716253	0.24593553241875452
6	0.2713949179268039	0.26700878163192676	0.13392427407227328	0.32767202636899606
7	0.29349149364957283	0.18257656464131394	0.26250307980683263	0.26142886190228054
8	0.3466450403586311	0.13276675806839194	0.2266334207417415	0.2939547808312355
9	0.272463520229154	0.2597724932361241	0.23060809718361172	0.23715588935111015
10	0.26684405730066896	0.19473422641686908	0.25445533689284516	0.2839663793896168
11	0.28697599119473577	0.20573425519683036	0.23229780848784234	0.27499194512059155
12	0.28989879514914924	0.21593265676246026	0.19677187107419686	0.29739667701419364
13	0.2812008122968585	0.20402032660810374	0.23646856303993138	0.2783102980551064
14	0.29658194672805765	0.19393470505336344	0.23959563452444155	0.26988771369413733
15	0.284392814181829	0.21779224003330053	0.21225841503839551	0.28555653074647497
