	A	C	G	T
0	0.2949056239844308	0.21354431469885773	0.20637349789478104	0.2851765634219304
1	0.29342448554579226	0.20107017768204563	0.22187017274728998	0.2836351640248721
2	0.30425461346272514	0.19838121034846729	0.2204092003774139	0.27695497581139367
3	0.2947343310238835	0.21112142084901048	0.2073770563755501	0.2867671917515559
4	0.293295778577514	0.2006612809819025	0.22172640053940676	0.2843165399011768
5	0.3032063337588769	0.19585499505219572	0.22155237922837978	0.2793862919605476
6	0.2952077591440666	0.2105541611971148	0.20727492116846472	0.28696315849035386
7	0.29198118814206686	0.19945736667678132	0.22379105010888492	0.28477039507226687
8	0.3005425146992848	0.1965786010489677	0.22323007752548576	0.27964880672626174
9	0.29165259984517206	0.2094152528077692	0.20927729317264693	0.28965485417441184
10	0.2895343322575724	0.19866768714882868	0.22665985132625116	0.2851381292673477
11	0.30065983376990896	0.19333743930309863	0.22668499960023733	0.2793177273267551
12	0.29223955107009464	0.20751572775427574	0.2135938995032267	0.2866508216724029
13	0.29137134249790214	0.1967001905812122	0.22837835625661773	0.28355011066426794
14	0.30013978644370426	0.19236080845532422	0.22829804785336943	0.2792013572476021
15	0.29462839985091344	0.2058814458169761	0.21291999693475755	0.2865701573973529
