	A	C	G	T
0	0.3061042434942132	0.2105342644057341	0.2065486340100662	0.27681285808998646
1	0.3006580470801334	0.2015558635161962	0.22374322137710442	0.27404286802656597
2	0.30952693508440415	0.1937971239503734	0.2247768527132113	0.27189908825201115
3	0.29249318737607366	0.22365653353163917	0.20307047639051207	0.2807798027017751
4	0.2538142060682438	0.2569816829646912	0.20193726638335233	0.28726684458371265
5	0.41717195155036424	0.15083271185362265	0.1552212692472444	0.27677406734876875
6	0.26533600232555227	0.26202353320735805	0.13670992543899174	0.335930539028098
7	0.30133534761352976	0.1777258123762806	0.25524461465064796	0.2656942253595417
8	0.35600167273245054	0.13207348574783226	0.21424705870387362	0.29767778281584356
9	0.2803991094213486	0.2582370601537958	0.22660096366608456	0.23476286675877103
10	0.276921779652979	0.19296667094783992	0.24991573657586086	0.28019581282332023
11	0.29440978113270383	0.20898168864138503	0.2213591282301275	0.2752494019957836
12	0.29853531837855646	0.21393720583195142	0.19205485200031316	0.29547262378917893
13	0.29330034228098545	0.2036083431315434	0.23016829268465752	0.2729230219028136
14	0.30477696151650985	0.1975111008930622	0.22808281728638424	0.26962912030404373
15	0.2938889444731827	0.215434906889212	0.20655336458826348	0.2841227840493418
