	A	C	G	T
0	2468824	1746340	1669246	2249459
1	2417311	1670092	1811160	2235306
2	2515513	1573130	1852213	2193013
3	2316230	1913884	1635942	2267813
4	1901749	2293256	1553693	2385171
5	3688990	1231930	1180167	2032782
6	2192236	2185150	1043719	2712764
7	2420907	1470206	2107530	2135226
8	2880171	1047950	1782323	2423425
9	2255848	2102007	1838230	1937784
10	2209064	1585495	2039303	2300007
11	2354432	1698537	1838941	2241959
12	2375548	1773893	1559662	2424766
13	2316720	1684607	1875828	2256714
14	2434921	1617270	1885518	2196160
15	2334926	1801257	1679189	2318497
