	A	C	G	T
0	4521443	3131891	3095464	4090789
1	4472739	2955899	3377863	4033086
2	4601586	2877359	3367345	3993297
3	4382701	3230323	3047747	4178816
4	3992012	3325807	3136811	4384957
5	5744964	2297925	2599715	4196983
6	3701062	4152740	2095420	4890365
7	4480549	2658665	3783237	3917136
8	5361957	1969539	3139904	4368187
9	4081079	3983451	3405458	3369599
10	4132967	2899313	3738691	4068616
11	4402820	3174725	3263731	3998311
12	4482751	3217556	2826347	4312933
13	4412984	3034736	3447331	3944536
14	4584282	2967376	3378629	3909300
15	4419192	3226771	3061863	4131761
