	A	C	G	T
0	2486055	1800179	1739729	2404039
1	2473569	1695022	1870366	2391045
2	2564867	1672354	1858050	2334731
3	2484611	1779754	1748189	2417448
4	2472484	1691575	1869154	2396789
5	2556030	1651058	1867687	2355227
6	2488602	1774972	1747328	2419100
7	2461402	1681426	1886559	2400615
8	2533574	1657158	1881830	2357440
9	2458632	1765371	1764208	2441791
10	2440775	1674769	1910743	2403715
11	2534563	1629835	1910955	2354649
12	2463580	1749358	1800597	2416467
13	2456261	1658183	1925230	2390328
14	2530179	1621602	1924553	2353668
15	2483718	1735581	1794916	2415787
