	A	C	G	T
0	2577410	1836059	1766505	2367640
1	2511182	1755877	1912818	2367737
2	2616231	1649614	1975502	2306267
3	2413784	2033936	1718034	2381860
4	1951983	2493539	1595562	2506530
5	3849654	1323182	1272616	2102162
6	2319779	2282288	1144733	2800814
7	2508652	1560594	2243775	2234593
8	2962988	1134839	1937175	2512612
9	2328913	2220435	1971149	2027117
10	2280880	1664513	2174986	2427235
11	2452960	1758537	1985592	2350525
12	2477943	1845709	1681930	2542032
13	2403596	1743887	2021242	2378889
14	2535068	1657679	2047971	2306896
15	2430880	1861604	1814303	2440827
