	A	C	G	T
0	2407751	1849934	1803084	2461161
1	2379010	1728125	1953794	2461001
2	2497381	1673360	1987466	2363723
3	2416847	1820904	1811946	2472233
4	2372045	1719927	1962442	2467516
5	2484013	1649313	1994579	2394025
6	2410743	1828652	1815634	2466901
7	2347978	1726092	1975087	2472773
8	2424604	1692879	1991422	2413025
9	2348095	1803655	1823798	2546382
10	2338845	1698407	2017746	2466932
11	2473428	1634060	2036577	2377865
12	2416586	1801893	1849966	2453485
13	2402763	1699734	1986630	2432803
14	2501323	1635193	2013155	2372259
15	2455203	1797550	1827562	2441615
