	A	C	G	T
0	4405721	3190801	3048875	4138731
1	4394225	2990875	3297172	4101856
2	4547316	2973683	3241436	4021693
3	4403101	3163683	3046382	4170962
4	4399957	2991883	3287602	4104686
5	4527388	2952928	3248921	4054891
6	4409847	3168970	3032704	4172607
7	4393875	2983146	3290801	4116306
8	4536633	2956916	3235763	4054816
9	4404986	3160752	3040367	4178023
10	4385907	2963601	3299285	4135335
11	4555089	2920902	3244891	4063246
12	4403284	3136842	3058121	4185881
13	4400696	2961826	3301878	4119728
14	4524693	2919896	3253555	4085984
15	4400993	3100979	3063424	4218732
