	A	C	G	T
0	0.2980034399052822	0.21582612109418967	0.20622623126639597	0.27994420773413214
1	0.29722584923507156	0.20230310505969645	0.22302106691716955	0.27744997878806243
2	0.3075809408576549	0.2011402363399451	0.21925107791274534	0.27202774488965464
3	0.2978262228249106	0.2139918566722366	0.2060576044796149	0.2821243160232379
4	0.2976135623284647	0.20237128628756462	0.22237375109306412	0.27764140029090656
5	0.30623300880511856	0.19973636591890978	0.21975736411373062	0.27427326116224104
6	0.29828252298681396	0.21434946991800938	0.20513242309590393	0.28223558399927273
7	0.2972021751976173	0.20178031467260024	0.22259013179539572	0.2784273783343867
8	0.3068583415944451	0.2000061146656739	0.21886735558566592	0.2742681881542151
9	0.2979537244266283	0.21379360351858426	0.20565074923593735	0.28260192281885005
10	0.29666321882494523	0.20045828878104952	0.22316399046328603	0.27971450193071923
11	0.30810670740945967	0.19757012385174155	0.219484774482472	0.2748383942563268
12	0.2978386009644938	0.21217632855992588	0.20685163169582949	0.28313343877975083
13	0.2976635483675466	0.20033822759110312	0.2233393812607683	0.278658842780582
14	0.30605071871672107	0.19750207790408741	0.2200708083696245	0.276376395009567
15	0.2976836374793292	0.20975055140215237	0.20721032718331442	0.28535548393520405
