	A	C	G	T
0	0.2959962993177863	0.2162786200826609	0.20597704860028987	0.2817480319992629
1	0.29506385486633735	0.20349396495938177	0.22169135274673213	0.27975082742754875
2	0.3052483512281327	0.20136132733398387	0.21861302178419886	0.2747772996536845
3	0.29587238326930715	0.2139969541417965	0.20648838631256755	0.2836422762763288
4	0.2950590056009881	0.2036790163888716	0.22125483227127207	0.28000714573886826
5	0.30391324456464464	0.19964780478520308	0.21923519984731743	0.2772037508028348
6	0.295496305422665	0.21442187101802793	0.20617335725291197	0.2839084663063951
7	0.29436296283531693	0.20290755022821422	0.2215502910814823	0.2811791958549865
8	0.30363969404253033	0.20016892762220342	0.21990275317906147	0.2762886251562048
9	0.29561814321456586	0.2133378004303896	0.20684982976913774	0.28419422658590676
10	0.29353399824266085	0.20169566686101253	0.22315340624954266	0.28161692864678395
11	0.30381357484291194	0.19752096895941954	0.221726076950394	0.2769393792472745
12	0.2946759136383943	0.21121711278031677	0.20997734613735666	0.28412962744393233
13	0.29333933487649655	0.2006770613555896	0.2245225443644999	0.2814610594034139
14	0.30063418865426045	0.19702582432964752	0.2236003180078941	0.27873966900819797
15	0.29359322855514147	0.2087942985801784	0.21202555458926245	0.28558691827541766
