Sample	Digest	Site	A	T	C	G
elp6d_mrna_YPD1	End_3p	-10	0.2945765983180761	0.2814334585467006	0.2185871497827597	0.2054027933524635
elp6d_mrna_YPD1	End_3p	-9	0.2940038288854873	0.2794263493836688	0.2048293132878244	0.2217405084430194
elp6d_mrna_YPD1	End_3p	-8	0.3037653549820281	0.2745067858254488	0.2037960542866035	0.2179318049059194
elp6d_mrna_YPD1	End_3p	-7	0.2940596845646455	0.283810807007969	0.2163078685444407	0.2058216398829447
elp6d_mrna_YPD1	End_3p	-6	0.2941905829883214	0.279954348997085	0.204895970574148	0.2209590974404454
elp6d_mrna_YPD1	End_3p	-5	0.3023917032286856	0.2764935709118404	0.2025127949300667	0.2186019309294072
elp6d_mrna_YPD1	End_3p	-4	0.2940410660049261	0.2841652702746877	0.2164883690852317	0.2053052946351544
elp6d_mrna_YPD1	End_3p	-3	0.293727535144308	0.2807711494757667	0.2044566578406166	0.2210446575393086
elp6d_mrna_YPD1	End_3p	-2	0.3027370704051597	0.2762120184934885	0.2025363879141385	0.2185145231872131
elp6d_mrna_YPD1	End_3p	-1	0.2945016976999683	0.2843272943821694	0.2152444787442847	0.2059265291735775
elp6d_mrna_YPD1	End_3p	0	0.2931318833596978	0.2814566251515423	0.2032113462355688	0.2222001452531911
elp6d_mrna_YPD1	End_3p	1	0.3036708409193305	0.2765359245820417	0.2000054008035827	0.219787833695045
elp6d_mrna_YPD1	End_3p	2	0.293529126675848	0.2841922742926013	0.2136776771996549	0.2086009218318957
elp6d_mrna_YPD1	End_3p	3	0.2934250901436755	0.2806409616841411	0.2019192750416075	0.2240146731305758
elp6d_mrna_YPD1	End_3p	4	0.3000170551692086	0.2788476106418571	0.199268191114541	0.2218671430743932
elp6d_mrna_YPD1	End_3p	5	0.2920058158127001	0.2865744550518121	0.2113320229278324	0.2100877062076552
elp6d_mrna_YPD1	End_5p	-5	0.3027396992265452	0.2769515426846177	0.2121961883579724	0.2081125697308645
elp6d_mrna_YPD1	End_5p	-4	0.2996072331257971	0.273172026333414	0.2008016391183557	0.226419101422433
elp6d_mrna_YPD1	End_5p	-3	0.3075876140631636	0.2705169086536307	0.1963709611106353	0.2255245161725701
elp6d_mrna_YPD1	End_5p	-2	0.29397687518395	0.2807343198061457	0.2197213374035308	0.2055674676063734
elp6d_mrna_YPD1	End_5p	-1	0.2724458669594365	0.2854671152730512	0.228609204899435	0.2134778128680771
elp6d_mrna_YPD1	End_5p	0	0.3769738293409218	0.2904688534054067	0.1516682100979535	0.1808891071557179
elp6d_mrna_YPD1	End_5p	1	0.2482417359320444	0.3319598874211957	0.2701414947484585	0.1496568818983014
elp6d_mrna_YPD1	End_5p	2	0.2991768114429787	0.2682615897701412	0.1812038423783321	0.2513577564085478
elp6d_mrna_YPD1	End_5p	3	0.3551768556760371	0.2978647058189722	0.136626276591582	0.2103321619134086
elp6d_mrna_YPD1	End_5p	4	0.2755236088277842	0.2335509732123464	0.2666482173226864	0.2242772006371828
elp6d_mrna_YPD1	End_5p	5	0.2758175034748469	0.2767407267945153	0.1981631088354399	0.2492786608951977
elp6d_mrna_YPD1	End_5p	6	0.2926917063582753	0.2723690261978794	0.2161985712722164	0.2187406961716288
elp6d_mrna_YPD1	End_5p	7	0.2980451823677956	0.2928899044849485	0.2189492436997664	0.1901156694474894
elp6d_mrna_YPD1	End_5p	8	0.295117719479615	0.2691454003006713	0.2070986119326047	0.2286382682871088
elp6d_mrna_YPD1	End_5p	9	0.3042135674131657	0.2669575651856342	0.2024433660903704	0.2263855013108296
elp6d_mrna_YPD1	End_5p	10	0.2938704039442278	0.2808834646053305	0.2194675644087202	0.2057785670417214
elp6d_mrna_YPD2	End_3p	-10	0.2931117303005878	0.2819573963379949	0.2202689872618196	0.2046618860995976
elp6d_mrna_YPD2	End_3p	-9	0.2926775486762379	0.2797201541659235	0.2059710428755563	0.2216312542822822
elp6d_mrna_YPD2	End_3p	-8	0.302950241829005	0.274775687162168	0.2048513198057025	0.2174227512031244
elp6d_mrna_YPD2	End_3p	-7	0.2930162071179124	0.28358182799656	0.2180945850450367	0.2053073798404908
elp6d_mrna_YPD2	End_3p	-6	0.2937569015096318	0.2792139941838907	0.2056103985128271	0.2214187057936503
elp6d_mrna_YPD2	End_3p	-5	0.3014363848394119	0.2761258054829769	0.2038622221347802	0.2185755875428308
elp6d_mrna_YPD2	End_3p	-4	0.2934216834076823	0.2839975715501966	0.2185512901435234	0.2040294548985976
elp6d_mrna_YPD2	End_3p	-3	0.2930428697507807	0.280645551796626	0.2050217778880119	0.2212898005645812
elp6d_mrna_YPD2	End_3p	-2	0.302102036820881	0.2757783311707573	0.2036039278788682	0.2185157041294935
elp6d_mrna_YPD2	End_3p	-1	0.2926106233175261	0.2847583166718755	0.2176001974755002	0.2050308625350982
elp6d_mrna_YPD2	End_3p	0	0.2915970669813717	0.2819701363460388	0.204170401316704	0.2222623953558854
elp6d_mrna_YPD2	End_3p	1	0.3026731869705303	0.2769544973142235	0.2018823603783814	0.2184899553368646
elp6d_mrna_YPD2	End_3p	2	0.2922589023359584	0.2848133621074747	0.2163715123959203	0.2065562231606465
elp6d_mrna_YPD2	End_3p	3	0.2923440507441509	0.280316838086969	0.2036447819131019	0.2236943292557781
elp6d_mrna_YPD2	End_3p	4	0.2999437611965587	0.2780964750816731	0.2011031234306809	0.2208566402910871
elp6d_mrna_YPD2	End_3p	5	0.2913020578499575	0.2865905663519508	0.2145585608714896	0.2075488149266019
elp6d_mrna_YPD2	End_5p	-5	0.3016282090172779	0.2774883627334586	0.2131762947732808	0.2077071334759825
elp6d_mrna_YPD2	End_5p	-4	0.298414579309972	0.2732345229396493	0.2007360364600741	0.2276148612903046
elp6d_mrna_YPD2	End_5p	-3	0.3072804730335926	0.2701910704225714	0.1964222350845833	0.2261062214592525
elp6d_mrna_YPD2	End_5p	-2	0.2924131114847775	0.2819690696923059	0.2203909924188823	0.2052268264040342
elp6d_mrna_YPD2	End_5p	-1	0.2723725349783044	0.2859100151502214	0.2250901998104398	0.2166272500610342
elp6d_mrna_YPD2	End_5p	0	0.3733418852779407	0.2905458820874267	0.1551151948869397	0.1809970377476928
elp6d_mrna_YPD2	End_5p	1	0.2402261012872324	0.3367798013351588	0.2834595279704152	0.1395345694071934
elp6d_mrna_YPD2	End_5p	2	0.2989595968350582	0.2685731267422647	0.1826844360328988	0.2497828403897781
elp6d_mrna_YPD2	End_5p	3	0.3556178746011321	0.2965360870037187	0.1357405244611073	0.2121055139340418
elp6d_mrna_YPD2	End_5p	4	0.2711079248401418	0.2284251471364966	0.272248053018481	0.2282188750048805
elp6d_mrna_YPD2	End_5p	5	0.2744203463483933	0.2767077895136097	0.1981573666503765	0.2507144974876205
elp6d_mrna_YPD2	End_5p	6	0.2921728897277551	0.2717473899013112	0.2171995667319844	0.2188801536389493
elp6d_mrna_YPD2	End_5p	7	0.2970955854116797	0.2928143392062073	0.2204487014187832	0.1896413739633297
elp6d_mrna_YPD2	End_5p	8	0.2939035697628868	0.2676302067355198	0.2074274915378011	0.2310387319637922
elp6d_mrna_YPD2	End_5p	9	0.3036908767005383	0.2660323753925392	0.2029074716635938	0.2273692762433286
elp6d_mrna_YPD2	End_5p	10	0.2927408085009433	0.2817856451758923	0.2204477896594911	0.2050257566636732
elp6d_mrna_YPD3	End_3p	-10	0.2914282897378467	0.2842984458556075	0.2236066042028346	0.2006666602037111
elp6d_mrna_YPD3	End_3p	-9	0.2913092953205097	0.2814520208236428	0.2072777568576552	0.2199609269981922
elp6d_mrna_YPD3	End_3p	-8	0.3018763544089681	0.2760020384922229	0.2070099877374922	0.2151116193613167
elp6d_mrna_YPD3	End_3p	-7	0.2907863028174748	0.2871707860721786	0.2209593902720986	0.2010835208382478
elp6d_mrna_YPD3	End_3p	-6	0.2917556827912972	0.2811409118837469	0.2070158804322804	0.2200875248926753
elp6d_mrna_YPD3	End_3p	-5	0.3007447669226947	0.2775695586682078	0.205387722526055	0.2162979518830423
elp6d_mrna_YPD3	End_3p	-4	0.291025812347578	0.2873167728333844	0.2212482590413421	0.2004091557776953
elp6d_mrna_YPD3	End_3p	-3	0.2909534525900706	0.2827446753007951	0.2057410941264216	0.2205607779827126
elp6d_mrna_YPD3	End_3p	-2	0.3004960064953971	0.2773789014787686	0.2052635323993348	0.2168615596264994
elp6d_mrna_YPD3	End_3p	-1	0.2902984130339312	0.2874208137456673	0.2199344415527998	0.2023463316676015
elp6d_mrna_YPD3	End_3p	0	0.2894507520567564	0.2837487144579421	0.2037369442753198	0.2230635892099816
elp6d_mrna_YPD3	End_3p	1	0.3014533476304049	0.2784612564505207	0.201205176472586	0.2188802194464884
elp6d_mrna_YPD3	End_3p	2	0.2891312792919996	0.2878296273668911	0.2166976413316907	0.2063414520094184
elp6d_mrna_YPD3	End_3p	3	0.2890733027787604	0.2826282153758402	0.202785115661243	0.2255133661841563
elp6d_mrna_YPD3	End_3p	4	0.2976960260363333	0.2798743626781296	0.2004353244115399	0.221994286873997
elp6d_mrna_YPD3	End_3p	5	0.2889705291126685	0.2894814827768887	0.2141023211324771	0.2074456669779656
elp6d_mrna_YPD3	End_5p	-5	0.3030395515026039	0.277370490366431	0.2139596356641232	0.2056303224668418
elp6d_mrna_YPD3	End_5p	-4	0.3002599536999145	0.2723584925276662	0.1997331889476163	0.2276483648248028
elp6d_mrna_YPD3	End_5p	-3	0.309409052324633	0.2699551958918075	0.1952616263251043	0.2253741254584551
elp6d_mrna_YPD3	End_5p	-2	0.2926289528291887	0.2813354305244964	0.2225095849671159	0.2035260316791987
elp6d_mrna_YPD3	End_5p	-1	0.2729752118400501	0.2850938916916254	0.2252518307393053	0.216679065729019
elp6d_mrna_YPD3	End_5p	0	0.4076792109026469	0.2886199612916673	0.148086833421889	0.1556139943837967
elp6d_mrna_YPD3	End_5p	1	0.2386502758456932	0.3482361404216406	0.3010992051601672	0.1120143785724989
elp6d_mrna_YPD3	End_5p	2	0.3011509039096579	0.2637266974048808	0.1823327676596892	0.252789631025772
elp6d_mrna_YPD3	End_5p	3	0.3580864586375559	0.291744069954349	0.1330359243739569	0.2171335470341381
elp6d_mrna_YPD3	End_5p	4	0.2737359039535829	0.234780200996901	0.268127221647897	0.223356673401619
elp6d_mrna_YPD3	End_5p	5	0.2736422394710093	0.2770775518531189	0.1980091178139291	0.2512710908619426
elp6d_mrna_YPD3	End_5p	6	0.2898283089585527	0.2717810212879397	0.2177293466813858	0.2206613230721217
elp6d_mrna_YPD3	End_5p	7	0.292301316744397	0.2947874704225323	0.2232121949892282	0.1896990178438423
elp6d_mrna_YPD3	End_5p	8	0.2897030437733565	0.2698835254982593	0.2089059880993018	0.2315074426290824
elp6d_mrna_YPD3	End_5p	9	0.3004706671850025	0.267434218239382	0.2065883293675504	0.225506785208065
elp6d_mrna_YPD3	End_5p	10	0.2887375791068289	0.2829636251264265	0.2272265586461955	0.201072237120549
ncs2d_elp6d_mrna_YPD1	End_3p	-10	0.296439742674164	0.2833495690636189	0.214711428722943	0.2054992595392739
ncs2d_elp6d_mrna_YPD1	End_3p	-9	0.2965353825087845	0.2797844833189478	0.2022740201972347	0.2214061139750329
ncs2d_elp6d_mrna_YPD1	End_3p	-8	0.3058613496833774	0.2758250767027347	0.2020064969057882	0.2163070767080996
ncs2d_elp6d_mrna_YPD1	End_3p	-7	0.2968833794474844	0.2843002929859788	0.213085035677682	0.2057312918888547
ncs2d_elp6d_mrna_YPD1	End_3p	-6	0.2974063549832893	0.2798804326675961	0.2018413195862334	0.2208718927628811
ncs2d_elp6d_mrna_YPD1	End_3p	-5	0.305556478365898	0.2778156645874889	0.2000153931643208	0.2166124638822922
ncs2d_elp6d_mrna_YPD1	End_3p	-4	0.296520629006788	0.28528516662275	0.2131649934682223	0.2050292109022395
ncs2d_elp6d_mrna_YPD1	End_3p	-3	0.2952041626747955	0.2819782155773458	0.2017828214349606	0.221034800312898
ncs2d_elp6d_mrna_YPD1	End_3p	-2	0.3022148617493692	0.2783718612956216	0.2030873198912078	0.2163259570638013
ncs2d_elp6d_mrna_YPD1	End_3p	-1	0.2937578036224283	0.2883828861852953	0.2115946224620107	0.2062646877302655
ncs2d_elp6d_mrna_YPD1	End_3p	0	0.2961828460310087	0.2807649205879858	0.200093390699351	0.2229588426816543
ncs2d_elp6d_mrna_YPD1	End_3p	1	0.3060450978446062	0.2774755086708291	0.1977979314971173	0.2186814619874473
ncs2d_elp6d_mrna_YPD1	End_3p	2	0.295692678982161	0.2843635370190126	0.2098689785851371	0.2100748054136892
ncs2d_elp6d_mrna_YPD1	End_3p	3	0.2963410076992646	0.2797166997468381	0.1984364589366707	0.2255058336172264
ncs2d_elp6d_mrna_YPD1	End_3p	4	0.3045526212020823	0.2775937430294861	0.1961000407114118	0.2217535950570197
ncs2d_elp6d_mrna_YPD1	End_3p	5	0.2968957600086003	0.2849198368984879	0.2075887887416129	0.2105956143512988
ncs2d_elp6d_mrna_YPD1	End_5p	-5	0.3061414786264985	0.2768826750988409	0.2102965376583386	0.2066793086163219
ncs2d_elp6d_mrna_YPD1	End_5p	-4	0.3033563666266936	0.2727661346681508	0.1993006759124344	0.224576822792721
ncs2d_elp6d_mrna_YPD1	End_5p	-3	0.3107028919205922	0.2722355391364115	0.1944285822633522	0.2226329866796441
ncs2d_elp6d_mrna_YPD1	End_5p	-2	0.2965480520835702	0.2815261063601177	0.2176496490876195	0.2042761924686924
ncs2d_elp6d_mrna_YPD1	End_5p	-1	0.2723366980595496	0.2803739443016705	0.2404118475107958	0.206877510127984
ncs2d_elp6d_mrna_YPD1	End_5p	0	0.4078730868177162	0.2927493955934432	0.1391787274413286	0.1601987901475119
ncs2d_elp6d_mrna_YPD1	End_5p	1	0.2589613890900462	0.3316540060219917	0.2678023496655426	0.1415822552224194
ncs2d_elp6d_mrna_YPD1	End_5p	2	0.3154585962084648	0.2556621468969577	0.1733472890797862	0.2555319678147912
ncs2d_elp6d_mrna_YPD1	End_5p	3	0.3594957613587938	0.2942755266515686	0.1354736146553038	0.2107550973343337
ncs2d_elp6d_mrna_YPD1	End_5p	4	0.2865846699672124	0.2413678662248879	0.2513200313294227	0.2207274324784769
ncs2d_elp6d_mrna_YPD1	End_5p	5	0.2821884245995038	0.2781539021359969	0.1920648800196513	0.2475927932448479
ncs2d_elp6d_mrna_YPD1	End_5p	6	0.2970586833924319	0.2757270141559718	0.2089739593468735	0.2182403431047227
ncs2d_elp6d_mrna_YPD1	End_5p	7	0.2995334237623442	0.2942820098785856	0.2114568294776484	0.1947277368814216
ncs2d_elp6d_mrna_YPD1	End_5p	8	0.2952155945690316	0.2716026526895153	0.2005138626315336	0.2326678901099195
ncs2d_elp6d_mrna_YPD1	End_5p	9	0.3035622862657569	0.2710827596277722	0.1976187415891706	0.2277362125173002
ncs2d_elp6d_mrna_YPD1	End_5p	10	0.292855494118118	0.284219321189666	0.2139280709631389	0.208997113729077
ncs2d_elp6d_mrna_YPD2	End_3p	-10	0.2933226483558732	0.2832018960806071	0.2204384015881134	0.2030370539754062
ncs2d_elp6d_mrna_YPD2	End_3p	-9	0.2942442227314908	0.2793649281687698	0.2052121114949196	0.2211787376048197
ncs2d_elp6d_mrna_YPD2	End_3p	-8	0.3038584345009205	0.2750117563347884	0.2063894705838212	0.2147403385804698
ncs2d_elp6d_mrna_YPD2	End_3p	-7	0.2930079956881442	0.2847761454821408	0.218906750103364	0.2033091087263508
ncs2d_elp6d_mrna_YPD2	End_3p	-6	0.2944867942020685	0.2788489214592035	0.2051382553845689	0.221526028954159
ncs2d_elp6d_mrna_YPD2	End_3p	-5	0.3034332441833876	0.2764891743606689	0.2046296441466666	0.2154479373092769
ncs2d_elp6d_mrna_YPD2	End_3p	-4	0.2932210838783549	0.2849350002134826	0.2189398818164185	0.2029040340917438
ncs2d_elp6d_mrna_YPD2	End_3p	-3	0.2937239759515038	0.2801206467665371	0.2038882234607829	0.2222671538211761
ncs2d_elp6d_mrna_YPD2	End_3p	-2	0.3024806088267814	0.2762501527164898	0.2048806957580856	0.2163885426986431
ncs2d_elp6d_mrna_YPD2	End_3p	-1	0.2915831348142223	0.2867417632441311	0.2173624770136415	0.2043126249280051
ncs2d_elp6d_mrna_YPD2	End_3p	0	0.2919988589280254	0.2809696469135591	0.2029061048238098	0.2241253893346057
ncs2d_elp6d_mrna_YPD2	End_3p	1	0.3028562001810214	0.277439147347476	0.2018917419303817	0.2178129105411207
ncs2d_elp6d_mrna_YPD2	End_3p	2	0.2906215262853305	0.2856841121898967	0.215853603581617	0.2078407579431556
ncs2d_elp6d_mrna_YPD2	End_3p	3	0.2926587322130278	0.2793201609136306	0.2019050537793769	0.2261160530939646
ncs2d_elp6d_mrna_YPD2	End_3p	4	0.3010595935981247	0.2778301212827771	0.200304772317586	0.2208055128015121
ncs2d_elp6d_mrna_YPD2	End_3p	5	0.2921862108768456	0.2858586453211661	0.212925687046713	0.2090294567552752
ncs2d_elp6d_mrna_YPD2	End_5p	-5	0.3010391486104511	0.2776660773369775	0.2149091556646979	0.2063856183878734
ncs2d_elp6d_mrna_YPD2	End_5p	-4	0.2995172219057486	0.2725511088548015	0.2005131792418209	0.2274184899976289
ncs2d_elp6d_mrna_YPD2	End_5p	-3	0.3069067668625523	0.2709529333171981	0.19830383241392	0.2238364674063295
ncs2d_elp6d_mrna_YPD2	End_5p	-2	0.2905848924989841	0.280646963968245	0.2232356266030702	0.2055325169297005
ncs2d_elp6d_mrna_YPD2	End_5p	-1	0.2739517261259985	0.2840370362718157	0.2265644046835476	0.215446832918638
ncs2d_elp6d_mrna_YPD2	End_5p	0	0.4000724117948582	0.3047168019960469	0.1397223952168861	0.1554883909922088
ncs2d_elp6d_mrna_YPD2	End_5p	1	0.2427591648637507	0.3404077492426769	0.2916587712230017	0.1251743146705706
ncs2d_elp6d_mrna_YPD2	End_5p	2	0.3141871038135239	0.2551863472283303	0.1775989783640247	0.253027570594121
ncs2d_elp6d_mrna_YPD2	End_5p	3	0.3632615413676974	0.2915666823099756	0.136343637256262	0.2088281390660649
ncs2d_elp6d_mrna_YPD2	End_5p	4	0.2806214821002175	0.2365649064500609	0.2622468907693654	0.220566720680356
ncs2d_elp6d_mrna_YPD2	End_5p	5	0.2798545664196204	0.277393549250351	0.1946668122773411	0.2480850720526874
ncs2d_elp6d_mrna_YPD2	End_5p	6	0.2965650638670063	0.2738096573328256	0.2138396059066773	0.2157856728934907
ncs2d_elp6d_mrna_YPD2	End_5p	7	0.2983420060231658	0.2937396264692658	0.2170410730326079	0.1908772944749603
ncs2d_elp6d_mrna_YPD2	End_5p	8	0.294056034529407	0.268585677615999	0.2034399537981265	0.2339183340564674
ncs2d_elp6d_mrna_YPD2	End_5p	9	0.3020521266537388	0.2687579507855597	0.2019618086813477	0.2272281138793536
ncs2d_elp6d_mrna_YPD2	End_5p	10	0.2901848566866291	0.2835469776438422	0.2205317937956078	0.2057363718739208
ncs2d_elp6d_mrna_YPD3	End_3p	-10	0.2985878586764787	0.2814449130520239	0.2160956089330307	0.2038716193384666
ncs2d_elp6d_mrna_YPD3	End_3p	-9	0.2971342844177448	0.2799326983280225	0.2031556961794538	0.2197773210747788
ncs2d_elp6d_mrna_YPD3	End_3p	-8	0.3071270392733777	0.2746237382497419	0.2018083141091007	0.2164409083677796
ncs2d_elp6d_mrna_YPD3	End_3p	-7	0.2978342737535717	0.2836170078327977	0.2141857479194248	0.2043629704942057
ncs2d_elp6d_mrna_YPD3	End_3p	-6	0.2974855278178829	0.2801367411735236	0.2034696774100095	0.218908053598584
ncs2d_elp6d_mrna_YPD3	End_3p	-5	0.3056261130886867	0.2767713578789134	0.2001781191645182	0.2174244098678816
ncs2d_elp6d_mrna_YPD3	End_3p	-4	0.2978282798388935	0.2838918787700786	0.21404139447426	0.2042384469167677
ncs2d_elp6d_mrna_YPD3	End_3p	-3	0.2970510189530079	0.2810343298965725	0.2022630024867253	0.2196516486636942
ncs2d_elp6d_mrna_YPD3	End_3p	-2	0.305685702590445	0.2763880470352474	0.1998924591808167	0.2180337911934908
ncs2d_elp6d_mrna_YPD3	End_3p	-1	0.2969951756479234	0.2843522613666475	0.2127325233057138	0.2059200396797151
ncs2d_elp6d_mrna_YPD3	End_3p	0	0.2954873065120636	0.2820031463057131	0.1999893108521573	0.2225202363300659
ncs2d_elp6d_mrna_YPD3	End_3p	1	0.3055990405740572	0.2767830460125358	0.1963911638708801	0.2212267495425269
ncs2d_elp6d_mrna_YPD3	End_3p	2	0.2957272129470555	0.2850364167778663	0.209908889999428	0.2093274802756501
ncs2d_elp6d_mrna_YPD3	End_3p	3	0.2941117530427233	0.2819240765812509	0.199549457413361	0.2244147129626646
ncs2d_elp6d_mrna_YPD3	End_3p	4	0.3020538897883923	0.2789975976889463	0.1959216905037161	0.2230268220189452
ncs2d_elp6d_mrna_YPD3	End_3p	5	0.2952156822785667	0.2859256140203658	0.2080162614905217	0.2108424422105457
ncs2d_elp6d_mrna_YPD3	End_5p	-5	0.3056672447551165	0.2762651470458624	0.2110078144823836	0.2070597937166374
ncs2d_elp6d_mrna_YPD3	End_5p	-4	0.3021782869021638	0.273519189542214	0.1998114922469236	0.2244910313086985
ncs2d_elp6d_mrna_YPD3	End_5p	-3	0.3102847281168261	0.2706992957066158	0.1945419841033897	0.2244739920731682
ncs2d_elp6d_mrna_YPD3	End_5p	-2	0.2970228220630996	0.2819241661349378	0.2178264980340359	0.2032265137679265
ncs2d_elp6d_mrna_YPD3	End_5p	-1	0.2729705460870716	0.2874146861171034	0.229794717567945	0.2098200502278798
ncs2d_elp6d_mrna_YPD3	End_5p	0	0.3852791368062783	0.2786062483275268	0.1536608224579914	0.1824537924082034
ncs2d_elp6d_mrna_YPD3	End_5p	1	0.2549719318452501	0.3290161789534252	0.2699568434028987	0.1460550457984259
ncs2d_elp6d_mrna_YPD3	End_5p	2	0.3013467024570329	0.2662486174927283	0.1806441957014991	0.2517604843487397
ncs2d_elp6d_mrna_YPD3	End_5p	3	0.3577502589141732	0.2971039826323357	0.1345009494391575	0.2106448090143335
ncs2d_elp6d_mrna_YPD3	End_5p	4	0.279617641547595	0.2339453657339877	0.262632762175169	0.2238042305432482
ncs2d_elp6d_mrna_YPD3	End_5p	5	0.278561756990309	0.2752729852436733	0.1967705865726937	0.2493946711933239
ncs2d_elp6d_mrna_YPD3	End_5p	6	0.294184892545449	0.2710131763611197	0.2146221253078334	0.2201798057855977
ncs2d_elp6d_mrna_YPD3	End_5p	7	0.2998247300389715	0.2918914712298736	0.2176087246466015	0.1906750740845533
ncs2d_elp6d_mrna_YPD3	End_5p	8	0.2971191286194736	0.2689779841617815	0.2062751419027036	0.2276277453160412
ncs2d_elp6d_mrna_YPD3	End_5p	9	0.3064330139074539	0.2658156614788173	0.2015877079951331	0.2261636166185956
ncs2d_elp6d_mrna_YPD3	End_5p	10	0.2967397814284589	0.2796797201659303	0.2183926291256435	0.2051878692799672
ncs2d_mrna_YPD1	End_3p	-10	0.2921733804651765	0.2858674421408341	0.2180987357533837	0.2038604416406056
ncs2d_mrna_YPD1	End_3p	-9	0.2921755172326926	0.2832409050177599	0.2036828650138732	0.2209007127356742
ncs2d_mrna_YPD1	End_3p	-8	0.3019805810568137	0.2784836732967938	0.2029966252568619	0.2165391203895304
ncs2d_mrna_YPD1	End_3p	-7	0.2922427691787255	0.2876135185858288	0.2154237277461286	0.204719984489317
ncs2d_mrna_YPD1	End_3p	-6	0.2923751363032752	0.2828003935250996	0.2031080745520435	0.2217163956195816
ncs2d_mrna_YPD1	End_3p	-5	0.3011214880538951	0.2798098186941516	0.2009565745862318	0.2181121186657214
ncs2d_mrna_YPD1	End_3p	-4	0.2922589636272685	0.2879576506173684	0.214637172377309	0.205146213378054
ncs2d_mrna_YPD1	End_3p	-3	0.2912357893714035	0.2835813258215084	0.2018451324885829	0.2233377523185052
ncs2d_mrna_YPD1	End_3p	-2	0.299590662820785	0.2793921368754791	0.2011229050681426	0.2198942952355932
ncs2d_mrna_YPD1	End_3p	-1	0.2891753831786464	0.2893399142773857	0.2138058573520997	0.2076788451918682
ncs2d_mrna_YPD1	End_3p	0	0.2879142404983572	0.2846441989685935	0.2005854518071205	0.2268561087259287
ncs2d_mrna_YPD1	End_3p	1	0.298912407826597	0.2797156884619952	0.1983090071723413	0.2230628965390664
ncs2d_mrna_YPD1	End_3p	2	0.288706194016691	0.2878262956458526	0.2119797083559755	0.2114878019814807
ncs2d_mrna_YPD1	End_3p	3	0.2896239918955782	0.2823210828328049	0.1992847226970594	0.2287702025745574
ncs2d_mrna_YPD1	End_3p	4	0.2983840639428803	0.2796893724831127	0.1962536617447539	0.2256729018292529
ncs2d_mrna_YPD1	End_3p	5	0.2912519838199465	0.2877574692395447	0.2093975935049465	0.2115929534355622
ncs2d_mrna_YPD1	End_5p	-5	0.3011229079777114	0.2777825629182418	0.2133769648422271	0.2077175642618195
ncs2d_mrna_YPD1	End_5p	-4	0.2981121947958906	0.2739457400959929	0.2011482766989529	0.2267937884091636
ncs2d_mrna_YPD1	End_5p	-3	0.305217679778101	0.2714618035882273	0.1973772869419947	0.2259432296916769
ncs2d_mrna_YPD1	End_5p	-2	0.288507296367226	0.280418240716192	0.223663521483561	0.2074109414330209
ncs2d_mrna_YPD1	End_5p	-1	0.2665383426576281	0.2896645900652409	0.2307962593360707	0.2130008079410602
ncs2d_mrna_YPD1	End_5p	0	0.3833518832294135	0.3000767566437563	0.1530743256428649	0.1634970344839652
ncs2d_mrna_YPD1	End_5p	1	0.2447013915338005	0.3405746340601214	0.2775557921209372	0.1371681822851408
ncs2d_mrna_YPD1	End_5p	2	0.29999757752264	0.2666352417520253	0.1814588068940116	0.2519083738313229
ncs2d_mrna_YPD1	End_5p	3	0.3534769054915319	0.2962661773262399	0.137631032473309	0.2126258847089191
ncs2d_mrna_YPD1	End_5p	4	0.2718179974815207	0.2314243090219786	0.2693364161600773	0.2274212773364233
ncs2d_mrna_YPD1	End_5p	5	0.2734592258928736	0.2809455781488953	0.1963119576622734	0.2492832382959576
ncs2d_mrna_YPD1	End_5p	6	0.2923400817272084	0.2760073131899855	0.215382910678325	0.216269694404481
ncs2d_mrna_YPD1	End_5p	7	0.2961419132098139	0.2966390818272477	0.2177703966986119	0.1894486082643263
ncs2d_mrna_YPD1	End_5p	8	0.2917691172716803	0.2708051552112647	0.2061150281971878	0.231310699319867
ncs2d_mrna_YPD1	End_5p	9	0.3022505936191049	0.2703255944153822	0.2017718403156757	0.2256519716498372
ncs2d_mrna_YPD1	End_5p	10	0.290752461842617	0.2852775508574448	0.2192612296405357	0.2047087576594023
ncs2d_mrna_YPD2	End_3p	-10	0.2949631771238052	0.285214518296854	0.2134419659680637	0.2063803386112769
ncs2d_mrna_YPD2	End_3p	-9	0.2934251887760301	0.2836701246297221	0.2009935836492599	0.2219111029449879
ncs2d_mrna_YPD2	End_3p	-8	0.3043154178527875	0.2769316100493767	0.1983347830310754	0.2204181890667604
ncs2d_mrna_YPD2	End_3p	-7	0.2948705372271823	0.2868203555830009	0.2110106728040697	0.207298434385747
ncs2d_mrna_YPD2	End_3p	-6	0.2933223478152464	0.2842818326282935	0.200594318742688	0.2218015008137721
ncs2d_mrna_YPD2	End_3p	-5	0.3032235481365087	0.2793135585309186	0.1957518973089711	0.2217109960236014
ncs2d_mrna_YPD2	End_3p	-4	0.2953104877733722	0.2869823864393221	0.2104095217207345	0.2072976040665712
ncs2d_mrna_YPD2	End_3p	-3	0.2919259881954709	0.2848949640311664	0.1993918979589924	0.2237871498143702
ncs2d_mrna_YPD2	End_3p	-2	0.3005284507086359	0.2796135409874606	0.1965465127602857	0.2233114955436176
ncs2d_mrna_YPD2	End_3p	-1	0.2914937477559141	0.2896854312078784	0.2093062647700437	0.2095145562661638
ncs2d_mrna_YPD2	End_3p	0	0.2892954184292662	0.2852611347877283	0.1986717739994564	0.2267716727835489
ncs2d_mrna_YPD2	End_3p	1	0.3007503831626454	0.2794742845999635	0.1933332961666654	0.2264420360707256
ncs2d_mrna_YPD2	End_3p	2	0.2920039195809782	0.286806240157011	0.2074467056671537	0.213743134594857
ncs2d_mrna_YPD2	End_3p	3	0.2914865121173815	0.2833773778117128	0.1966793638284261	0.2284567462424795
ncs2d_mrna_YPD2	End_3p	4	0.3002269262307673	0.2793142702330694	0.1921062030417438	0.2283526004944195
ncs2d_mrna_YPD2	End_3p	5	0.2947335345631625	0.2867168029200664	0.2058356492319014	0.2127140132848695
ncs2d_mrna_YPD2	End_5p	-5	0.3060780828353971	0.2769020033062636	0.2103900262899874	0.2066298875683517
ncs2d_mrna_YPD2	End_5p	-4	0.3006456544652948	0.2740795341004114	0.2014868370901805	0.2237879743441132
ncs2d_mrna_YPD2	End_5p	-3	0.3094551831459315	0.27199700664765	0.1937236572398694	0.2248241529665491
ncs2d_mrna_YPD2	End_5p	-2	0.29245378852661	0.2808748885859639	0.223537621668503	0.203133701218923
ncs2d_mrna_YPD2	End_5p	-1	0.2537871311629242	0.2873152318612272	0.2569310262413832	0.2019666107344652
ncs2d_mrna_YPD2	End_5p	0	0.4171276471070311	0.2768524531073592	0.1507745145470041	0.1552453852386054
ncs2d_mrna_YPD2	End_5p	1	0.2653000430105187	0.3360558349143473	0.2619062682893746	0.1367378537857593
ncs2d_mrna_YPD2	End_5p	2	0.3013025789400302	0.2657416192461014	0.1776529549006861	0.2553028469131823
ncs2d_mrna_YPD2	End_5p	3	0.3559494710959735	0.2977496286395892	0.1320200599072548	0.2142808403571824
ncs2d_mrna_YPD2	End_5p	4	0.2803644860597788	0.2348466563253785	0.2581130172629818	0.2266758403518608
ncs2d_mrna_YPD2	End_5p	5	0.2769128830635409	0.2802147711389841	0.1928995156261105	0.2499728301713644
ncs2d_mrna_YPD2	End_5p	6	0.2943724100708236	0.2753284592809119	0.208942427280944	0.2213567033673203
ncs2d_mrna_YPD2	End_5p	7	0.2985165332694108	0.2955741502170452	0.2138264922326219	0.1920828242809219
ncs2d_mrna_YPD2	End_5p	8	0.2932721354870364	0.2729599834249263	0.203537198304035	0.2302306827840021
ncs2d_mrna_YPD2	End_5p	9	0.3047464951512351	0.2697186435638963	0.1974448890034154	0.2280899722814531
ncs2d_mrna_YPD2	End_5p	10	0.2938549120507621	0.2842091794167764	0.2153235231823384	0.206612385350123
ncs2d_mrna_YPD3	End_3p	-10	0.2980904365121546	0.2799451075686099	0.215752939672793	0.2062115162464424
ncs2d_mrna_YPD3	End_3p	-9	0.2972396606612789	0.2774625390347719	0.2022528441685689	0.2230449561353801
ncs2d_mrna_YPD3	End_3p	-8	0.3076316569539694	0.2719724839576247	0.2011172133525122	0.2192786457358937
ncs2d_mrna_YPD3	End_3p	-7	0.2979957103954673	0.2821341604637412	0.2138908272032567	0.2059793019375347
ncs2d_mrna_YPD3	End_3p	-6	0.297667416739634	0.2775747218215345	0.2023228061718936	0.2224350552669378
ncs2d_mrna_YPD3	End_3p	-5	0.3062301163960691	0.2742065994196943	0.1996454401452395	0.2199178440389971
ncs2d_mrna_YPD3	End_3p	-4	0.2983897033793745	0.2822056786818401	0.2142388780205706	0.2051657399182148
ncs2d_mrna_YPD3	End_3p	-3	0.2971261923057899	0.2785462058096745	0.2017495101813998	0.2225780917031356
ncs2d_mrna_YPD3	End_3p	-2	0.3068450242163934	0.2742468580192864	0.1999691328182623	0.2189389849460578
ncs2d_mrna_YPD3	End_3p	-1	0.2977848094628142	0.2826253830402767	0.2136891958977366	0.2059006115991724
ncs2d_mrna_YPD3	End_3p	0	0.2964131076316705	0.279860192371151	0.2004755792349797	0.2232511207621988
ncs2d_mrna_YPD3	End_3p	1	0.3081887818431145	0.2750157634407394	0.197564172038596	0.21923128267755
ncs2d_mrna_YPD3	End_3p	2	0.2975849373566041	0.2832534171939133	0.2121440099500313	0.2070176354994512
ncs2d_mrna_YPD3	End_3p	3	0.2977758781432409	0.2784668388561929	0.2003285507695786	0.2234287322309874
ncs2d_mrna_YPD3	End_3p	4	0.3061295713893567	0.2764630431806973	0.1972778285201527	0.2201295569097932
ncs2d_mrna_YPD3	End_3p	5	0.2978343376895394	0.2854712938931222	0.2097224720999447	0.2069718963173936
ncs2d_mrna_YPD3	End_5p	-5	0.3046849552940669	0.275687441353797	0.2109433814726533	0.2086842218794827
ncs2d_mrna_YPD3	End_5p	-4	0.3014155980025238	0.271804725670589	0.1991253626627263	0.2276543136641608
ncs2d_mrna_YPD3	End_5p	-3	0.3100385447113258	0.269167062135315	0.1938445754284543	0.2269498177249048
ncs2d_mrna_YPD3	End_5p	-2	0.2953309533311043	0.2816638938921665	0.2175864458513541	0.205418706925375
ncs2d_mrna_YPD3	End_5p	-1	0.2689991452484442	0.2955313615626045	0.2240626044846144	0.2114068887043368
ncs2d_mrna_YPD3	End_5p	0	0.3871097668173042	0.2829022050972313	0.1547866087125338	0.1752014193729305
ncs2d_mrna_YPD3	End_5p	1	0.2494066622086564	0.3296309603416849	0.2797375346484463	0.1412248428012122
ncs2d_mrna_YPD3	End_5p	2	0.3019200901668518	0.2639897483740845	0.1790912804555798	0.2549988810034837
ncs2d_mrna_YPD3	End_5p	3	0.3612714631620954	0.2944401377309447	0.1326848096897009	0.2116035894172589
ncs2d_mrna_YPD3	End_5p	4	0.2749935286948456	0.2271259585620759	0.2683293651649643	0.229551147578114
ncs2d_mrna_YPD3	End_5p	5	0.278517693626843	0.274178548701964	0.1953154491625052	0.2519883085086877
ncs2d_mrna_YPD3	End_5p	6	0.2966862198949491	0.2694788981524423	0.2139060932730783	0.2199287886795302
ncs2d_mrna_YPD3	End_5p	7	0.3020666382648274	0.2907008019025637	0.216733109893547	0.1904994499390618
ncs2d_mrna_YPD3	End_5p	8	0.2973551910652847	0.2658384519559519	0.2044461910976412	0.2323601658811221
ncs2d_mrna_YPD3	End_5p	9	0.3089053922150199	0.2635178823732433	0.1998938301498107	0.2276828952619261
ncs2d_mrna_YPD3	End_5p	10	0.2977580298111457	0.2784842585502119	0.2173517262206499	0.2064059854179923
wt_mrna_YPD1	End_3p	-10	0.2882793986017846	0.2870280875284394	0.2199043360054256	0.2047881778643502
wt_mrna_YPD1	End_3p	-9	0.286149397300569	0.2857215733668757	0.2062529080198258	0.2218761213127294
wt_mrna_YPD1	End_3p	-8	0.2990396880631208	0.2767147212835507	0.2005802978206609	0.2236652928326676
wt_mrna_YPD1	End_3p	-7	0.2890214365420785	0.288330165727557	0.2165884540769452	0.2060599436534192
wt_mrna_YPD1	End_3p	-6	0.285703213411196	0.2867471432401847	0.2049638912656885	0.2225857520829308
wt_mrna_YPD1	End_3p	-5	0.297699534519674	0.2793480811012227	0.1975496729217023	0.2254027114574009
wt_mrna_YPD1	End_3p	-4	0.2888890969957691	0.2882548775871519	0.2166174110540241	0.2062386143630549
wt_mrna_YPD1	End_3p	-3	0.2833122296527331	0.2873617704813315	0.2050607431124289	0.2242652567535064
wt_mrna_YPD1	End_3p	-2	0.2922001732982662	0.281229298841918	0.2004591714016458	0.2261113564581698
wt_mrna_YPD1	End_3p	-1	0.2831862976077347	0.2949204040471749	0.2132107151165771	0.2086825832285131
wt_mrna_YPD1	End_3p	0	0.281064552125516	0.2878768350097985	0.2014318793891384	0.229626733475547
wt_mrna_YPD1	End_3p	1	0.2955739691809044	0.2790392888265006	0.1943413630825404	0.2310453789100544
wt_mrna_YPD1	End_3p	2	0.2877644572944966	0.2886469673789179	0.2116515975379422	0.2119369777886431
wt_mrna_YPD1	End_3p	3	0.2853215974196499	0.2853463648766408	0.2002691643435367	0.2290628733601725
wt_mrna_YPD1	End_3p	4	0.2958246010591107	0.2794986573820329	0.192820567290593	0.2318561742682633
wt_mrna_YPD1	End_3p	5	0.2897167736555091	0.2879207017495436	0.2105008349467093	0.211861689648238
wt_mrna_YPD1	End_5p	-5	0.3034720985999882	0.276651018702493	0.2146199923166862	0.2052568903808326
wt_mrna_YPD1	End_5p	-4	0.2971463258489208	0.2748713499498815	0.205301732234671	0.2226805919665266
wt_mrna_YPD1	End_5p	-3	0.3091909706443111	0.2696972142888997	0.1933679021027389	0.2277439129640502
wt_mrna_YPD1	End_5p	-2	0.2847103898083926	0.2789261592264203	0.2352169000470163	0.2011465509181707
wt_mrna_YPD1	End_5p	-1	0.2337777836747887	0.293307740305959	0.2818835102006617	0.1910309658185905
wt_mrna_YPD1	End_5p	0	0.4535033589005612	0.2499886666821463	0.1514031753192402	0.1451047990980521
wt_mrna_YPD1	End_5p	1	0.2694641595033341	0.333665900178102	0.2685640053579258	0.128305934960638
wt_mrna_YPD1	End_5p	2	0.2975759476650109	0.2625764507537547	0.180717707998939	0.2591298935822953
wt_mrna_YPD1	End_5p	3	0.3540209076064929	0.2980359145164383	0.128801529586348	0.2191416482907206
wt_mrna_YPD1	End_5p	4	0.2772689763047044	0.2383366645302287	0.2583625450368852	0.2260318141281816
wt_mrna_YPD1	End_5p	5	0.2715770093726846	0.2828011096700291	0.1949040734462881	0.2507178075109982
wt_mrna_YPD1	End_5p	6	0.2894218558212773	0.2757200281041712	0.2087936226775451	0.2260644933970063
wt_mrna_YPD1	End_5p	7	0.292008555088586	0.2982096306296644	0.2180115107195987	0.1917703035621508
wt_mrna_YPD1	End_5p	8	0.2847622343626934	0.2775160364911949	0.2070591643419544	0.2306625648041572
wt_mrna_YPD1	End_5p	9	0.2992971377260413	0.2701104964705775	0.1987943806891566	0.2317979851142244
wt_mrna_YPD1	End_5p	10	0.2869913044888416	0.2851529113358609	0.2213709641256569	0.2064848200496405
WT_mrna_YPD2	End_3p	-10	0.2825831114553316	0.2887956173177075	0.217036970232676	0.2115843009942847
WT_mrna_YPD2	End_3p	-9	0.2791615597490886	0.2888398306850855	0.2027513614961146	0.2292472480697112
WT_mrna_YPD2	End_3p	-8	0.2931178551286275	0.2773280536865211	0.196346404344966	0.2332076868398853
WT_mrna_YPD2	End_3p	-7	0.2837521269620268	0.2901278821808754	0.2135997034303357	0.212520287426762
WT_mrna_YPD2	End_3p	-6	0.2783527014074275	0.2895518183597591	0.2017810129505292	0.230314467282284
WT_mrna_YPD2	End_3p	-5	0.2914984965695938	0.2808521053479058	0.1934515429116531	0.2341978551708471
WT_mrna_YPD2	End_3p	-4	0.2829885374792728	0.2895149934330835	0.2144662619755775	0.2130302071120661
WT_mrna_YPD2	End_3p	-3	0.2754451740757676	0.2903318265996296	0.2025124685800695	0.2317105307445331
WT_mrna_YPD2	End_3p	-2	0.2844739658909703	0.2831371272311772	0.1986641464656338	0.2337247604122187
WT_mrna_YPD2	End_3p	-1	0.275342674120626	0.2988488223001435	0.2115750361241976	0.2142334674550328
WT_mrna_YPD2	End_3p	0	0.2741899600942108	0.2896298074560625	0.1993086999592932	0.2368715324904334
WT_mrna_YPD2	End_3p	1	0.2903163460572055	0.2791704727886661	0.1917659229399708	0.2387472582141576
WT_mrna_YPD2	End_3p	2	0.2833353250849407	0.2880373052925981	0.2114269154796394	0.2172004541428218
WT_mrna_YPD2	End_3p	3	0.28205782850444	0.2853262166621534	0.1994671409654674	0.233148813867939
WT_mrna_YPD2	End_3p	4	0.293597634666939	0.278469978243974	0.1916623674933002	0.2362700195957866
WT_mrna_YPD2	End_3p	5	0.2882004373722342	0.2866392481241276	0.2109096073536329	0.2142507071500051
WT_mrna_YPD2	End_5p	-5	0.3015162336007169	0.277090182201525	0.2147124562759836	0.2066811279217745
WT_mrna_YPD2	End_5p	-4	0.2937532475853866	0.2770383845300115	0.2053827953157132	0.2238255725688885
WT_mrna_YPD2	End_5p	-3	0.3060135108906066	0.2698865642686332	0.1929513541524895	0.2311485706882706
WT_mrna_YPD2	End_5p	-2	0.2823416242346689	0.2787681695240741	0.2378524521695858	0.2010377540716711
WT_mrna_YPD2	End_5p	-1	0.2283514964265453	0.2932802869053147	0.2916947870729849	0.186673429595155
WT_mrna_YPD2	End_5p	0	0.4503439225078772	0.2460127485411297	0.1547575284349339	0.1488858005160591
WT_mrna_YPD2	End_5p	1	0.2713650779397107	0.3278048965285972	0.2669178444498385	0.1339121810818534
WT_mrna_YPD2	End_5p	2	0.2934654957352861	0.261455703987649	0.1825446991689455	0.2625341011081194
WT_mrna_YPD2	End_5p	3	0.3465950572627351	0.2940280207864172	0.1327365025557415	0.2266404193951061
WT_mrna_YPD2	End_5p	4	0.2724258194204554	0.2372370771240436	0.2597066264071311	0.2306304770483699
WT_mrna_YPD2	End_5p	5	0.2668607851638373	0.2839721401020613	0.1946949362689868	0.2544721384651146
WT_mrna_YPD2	End_5p	6	0.2869634264007704	0.2750658637209108	0.2057094831130237	0.232261226765295
WT_mrna_YPD2	End_5p	7	0.2898676037485144	0.2974751967493044	0.2158566820399349	0.1968005174622461
WT_mrna_YPD2	End_5p	8	0.2811612687179012	0.2783803300739385	0.203954559294186	0.2365038419139742
WT_mrna_YPD2	End_5p	9	0.2965463464050545	0.2699903934611929	0.1938804383462722	0.2395828217874803
WT_mrna_YPD2	End_5p	10	0.284350859420418	0.285660650653586	0.2176971947877745	0.2122912951382214
WT_mrna_YPD3	End_3p	-10	0.2960316605293455	0.2817947196972745	0.2162356696689134	0.2059379501044664
WT_mrna_YPD3	End_3p	-9	0.2950062498134141	0.2798415069816624	0.2034556773789636	0.2216965658259596
WT_mrna_YPD3	End_3p	-8	0.3052972198389715	0.2747507970729499	0.2013404757299994	0.218611507358079
WT_mrna_YPD3	End_3p	-7	0.2959824235084708	0.2836694473901566	0.2139372786118794	0.206410850489493
WT_mrna_YPD3	End_3p	-6	0.2950595538641326	0.2799928524113809	0.2036309057924456	0.2213166879320408
WT_mrna_YPD3	End_3p	-5	0.3038883833945767	0.2771359802775012	0.1995909606367757	0.2193846756911462
WT_mrna_YPD3	End_3p	-4	0.2955713938965996	0.2839327659394038	0.2143386165781655	0.206157223585831
WT_mrna_YPD3	End_3p	-3	0.2942558395409621	0.2813431928520652	0.2028924370118753	0.2215085305950973
WT_mrna_YPD3	End_3p	-2	0.3035934804646278	0.2762792215012619	0.2001616428031527	0.2199656552309575
WT_mrna_YPD3	End_3p	-1	0.2953946944297699	0.2842563976759087	0.2132679493386533	0.2070809585556679
WT_mrna_YPD3	End_3p	0	0.2932380436894191	0.2818149683139435	0.2017047777649421	0.2232422102316952
WT_mrna_YPD3	End_3p	1	0.3038507417353843	0.2771177219094791	0.1975622915376791	0.2214692448174574
WT_mrna_YPD3	End_3p	2	0.2943613227192507	0.2842891069797587	0.2112386745117076	0.2101108957892828
WT_mrna_YPD3	End_3p	3	0.2934164738072461	0.2813027821512771	0.2007010001864776	0.2245797438549991
WT_mrna_YPD3	End_3p	4	0.3006912652746175	0.2788589298779155	0.1967927575717062	0.2236570472757606
WT_mrna_YPD3	End_3p	5	0.2936725236223044	0.2857588623392604	0.2087802847699683	0.2117883292684668
WT_mrna_YPD3	End_5p	-5	0.3036533004927128	0.2765807510394105	0.2109822959472222	0.2087836525206545
WT_mrna_YPD3	End_5p	-4	0.2997854237195729	0.2733697844437459	0.2005426431753632	0.2263021486613179
WT_mrna_YPD3	End_5p	-3	0.3082942005226296	0.2708742158916535	0.1948253248664527	0.2260062587192641
WT_mrna_YPD3	End_5p	-2	0.2947772923534102	0.2814439567196692	0.2185656187274351	0.2052131321994853
WT_mrna_YPD3	End_5p	-1	0.2688927021980741	0.28462067599551	0.2370942814049648	0.209392340401451
WT_mrna_YPD3	End_5p	0	0.3802750793036804	0.2846305102384821	0.1543033267001076	0.1807910837577298
WT_mrna_YPD3	End_5p	1	0.2612346736773892	0.3207656596516883	0.2599120542629373	0.1580876124079851
WT_mrna_YPD3	End_5p	2	0.3029021886193999	0.2642566330243541	0.1783167364667877	0.2545244418894583
WT_mrna_YPD3	End_5p	3	0.3573921761523403	0.2960135602133444	0.135166579998806	0.2114276836355091
WT_mrna_YPD3	End_5p	4	0.2766555430451716	0.2322667895544466	0.2634143387403266	0.227663328660055
WT_mrna_YPD3	End_5p	5	0.2768189295029704	0.2748965075325125	0.1970308695161587	0.2512536934483583
WT_mrna_YPD3	End_5p	6	0.2932966349290916	0.2705783259495997	0.2144634454287505	0.2216615936925581
WT_mrna_YPD3	End_5p	7	0.2989629704520681	0.2916148931155813	0.2170445028824683	0.1923776335498822
WT_mrna_YPD3	End_5p	8	0.2945707732509971	0.2678994436578967	0.2067710833229527	0.2307586997681534
WT_mrna_YPD3	End_5p	9	0.3053440138963029	0.2652052924100003	0.2009627551339061	0.2284879385597906
WT_mrna_YPD3	End_5p	10	0.2953980573746988	0.2794098211996603	0.2174933411823244	0.2076987802433164
