Codon	AA	Abbr	SRR1944912	SRR1944913	SRR1944914	SRR1944915	SRR1944916	SRR1944917	SRR1944912_count	SRR1944913_count	SRR1944914_count	SRR1944915_count	SRR1944916_count	SRR1944917_count	SRR1944912_norm	SRR1944913_norm	SRR1944914_norm	SRR1944915_norm	SRR1944916_norm	SRR1944917_norm	SRR1944912_absolute_cdt	SRR1944913_absolute_cdt	SRR1944914_absolute_cdt	SRR1944915_absolute_cdt	SRR1944916_absolute_cdt	SRR1944917_absolute_cdt	SRR1944912_relative_cdt	SRR1944913_relative_cdt	SRR1944914_relative_cdt	SRR1944915_relative_cdt	SRR1944916_relative_cdt	SRR1944917_relative_cdt	SRR1944912_norm_cdt	SRR1944913_norm_cdt	SRR1944914_norm_cdt	SRR1944915_norm_cdt	SRR1944916_norm_cdt	SRR1944917_norm_cdt	SRR1944912_norm_relative_cdt	SRR1944913_norm_relative_cdt	SRR1944914_norm_relative_cdt	SRR1944915_norm_relative_cdt	SRR1944916_norm_relative_cdt	SRR1944917_norm_relative_cdt
GCC	Ala	A	10984	13377	10322	13237	12858	10983	135199	162516	90340	142696	135370	89547	1473.234561835529	1914.1317501195322	960.2511300267838	1627.1480896403318	1464.2539621015394	1009.8506805335517	12.308721777130371	12.148912312177618	8.752179810114319	10.780086122233135	10.528075906050708	8.153236820540835	0.682562608778139	0.6636455474275561	0.6986970166272516	0.6133482733849261	0.6792566773368026	0.688460943260294	0.13412550635793236	0.14309125739100936	0.09302956113415847	0.12292423431595768	0.11387882735274066	0.09194670677716031	0.682562608778139	0.6636455474275561	0.6986970166272516	0.6133482733849261	0.6792566773368026	0.688460943260294
GCA	Ala	A	11612	14958	10370	15729	14811	11290	45178	56312	28699	61203	54786	30988	1821.281822299405	2530.834760023501	1119.6710996989978	2291.259126731924	1910.8355520947805	1213.147925966881	3.8906303823630726	3.764674421714133	2.7675024108003856	3.891092885752432	3.6990074944298157	2.744729849424269	0.7981807416392935	0.784717515963189	0.8109230196225115	0.7268465455259017	0.7695376291340743	0.8045683545499108	0.15684480040470244	0.16919606632059775	0.10797214076171627	0.14567099794849794	0.12901462103131325	0.10745331496606564	0.7981807416392935	0.784717515963189	0.8109230196225115	0.7268465455259017	0.7695376291340743	0.8045683545499108
GCG	Ala	A	3392	4504	2995	4926	4493	3413	10517	13160	6728	14558	12956	7793	474.4597030536459	637.5492511755554	292.3213176895788	594.6947354650225	500.19704991176894	330.6750947926359	3.1005306603773586	2.9218472468916517	2.2464106844741236	2.955339017458384	2.883596705987091	2.2833284500439497	0.7118272478548134	0.656505612279922	0.7330465896528451	0.6023783043998915	0.664042135204275	0.7254514065873147	0.13987609170213616	0.14155178756118014	0.09760311108166236	0.12072568726451939	0.11132807698904272	0.0968869307918652	0.7118272478548134	0.656505612279922	0.7330465896528451	0.6023783043998915	0.664042135204275	0.7254514065873147
GCT	Ala	A	19157	22934	17347	23294	22157	18190	367565	435840	222171	377101	356322	219972	2540.9635817744042	3246.0474042934484	1531.974366433638	2879.1931557863804	2516.5320925852106	1600.6830924107858	19.186981260113797	19.004098718060522	12.807459503084107	16.18876105434876	16.081689759443968	12.093018141836174	0.6749973385701187	0.6564446823960395	0.6632771511092465	0.6167318330080266	0.6774581088743841	0.658894355656279	0.13263890910760578	0.14153865022645193	0.08831350472321657	0.12360235063906501	0.11357729352282397	0.08799797099564517	0.6749973385701187	0.6564446823960395	0.6632771511092465	0.6167318330080266	0.6774581088743841	0.658894355656279
TGT	Cys	C	3984	5359	3745	5578	5053	3887	36186	44490	22855	42750	37338	21553	432.13803975387947	606.1870190607829	282.8684798304469	549.7708809015106	435.07454225304053	287.6010606832513	9.082831325301205	8.301922000373205	6.102803738317757	7.664037289351022	7.389273698792796	5.5448932338564445	0.5519939108022054	0.5246213492216129	0.5672841521806898	0.4917822602468053	0.513576689662577	0.5540118720692075	0.1084683834723593	0.11311569678312798	0.07553230436059997	0.09856057384394239	0.08610222486701771	0.07399049670266306	0.5519939108022054	0.5246213492216129	0.5672841521806898	0.4917822602468053	0.513576689662577	0.5540118720692075
TGC	Cys	C	2273	2937	2057	3122	2932	2186	7481	9311	4950	10165	8773	5286	330.9667896910782	426.43074341152686	217.39190291604768	389.2658583587744	324.01093053851207	212.93669943943752	3.2912450505939286	3.1702417432754513	2.406417112299465	3.2559256886611148	2.992155525238745	2.4181152790484903	0.7409964046988989	0.673391524493152	0.7937376647241662	0.6221327314625508	0.6591535955413517	0.729362598717876	0.1456079145143327	0.14519262628924987	0.10568395863687297	0.12468477205598154	0.1105085029121801	0.09740928611136208	0.7409964046988989	0.673391524493152	0.7937376647241662	0.6221327314625508	0.6591535955413517	0.729362598717876
GAC	Asp	D	16987	21091	15282	21484	20231	15992	250217	296564	154271	264868	254331	150070	2814.7174066664816	3646.745796595672	1680.8718759387662	3157.451487431649	2672.0913662443563	1679.977169747187	14.729911108494731	14.061163529467546	10.094948305195656	12.328616644945075	12.571350897138055	9.384067033516759	0.8432361781265322	0.8019206634998952	0.8260804267102589	0.7333160291898418	0.7878161576040741	0.7865814993054865	0.16569832263886983	0.172905305419168	0.10999030728561485	0.14696757994003207	0.13207905522437627	0.10505109865852845	0.8432361781265322	0.8019206634998952	0.8260804267102589	0.7333160291898418	0.7878161576040741	0.7865814993054865
GAT	Asp	D	29349	37449	26952	39196	35878	27734	196750	241136	126786	238631	209350	121921	5109.878105101529	7005.941667684736	3236.971606999227	6221.225084125091	4970.502303664441	3165.154945741488	6.7038059218372	6.439050441934364	4.704140694568121	6.088146749668334	5.835052121076983	4.396084228744502	0.8860298454922725	0.8676596008920431	0.90201925581493	0.7919610097107472	0.826348006706573	0.8545266127217392	0.17410740076668813	0.18707953931172358	0.12010135080881668	0.1587209175457978	0.1385390017187257	0.11412543973972337	0.8860298454922725	0.8676596008920431	0.90201925581493	0.7919610097107472	0.826348006706573	0.8545266127217392
GAG	Glu	E	16231	20890	14204	22177	20212	15294	75896	96733	45742	106265	89894	48192	3189.437958801537	4504.176029636492	1864.6228987210075	4185.029689078772	3264.244717552651	1912.3446359139978	4.675990388762245	4.630588798468167	3.2203604618417345	4.791676060783695	4.447555907381753	3.151039623381718	1.0	1.0	0.9859349598931589	0.9415976849305302	0.9633061886405561	0.9362421833274677	0.19650286234991912	0.21561397939858745	0.13127449301049052	0.18871036159438934	0.161500332354673	0.12503888033961016	1.0	1.0	0.9859349598931589	0.9415976849305302	0.9633061886405561	0.9362421833274677
GAA	Glu	E	42575	53174	37871	57755	53502	41497	591191	737708	348240	752240	686609	366314	8038.802423301821	11213.802699620026	4644.854458944224	11088.310242633668	8847.318269938913	5110.6503162680165	13.885871990604816	13.873471997592809	9.195426579704787	13.024673188468531	12.833333333333334	8.827481504687086	0.9608770424836925	0.9780851482298232	0.9211561460568315	0.9579556775969307	0.9863534401391328	0.9221521736828822	0.18881508921437043	0.21088883100048944	0.1226493744275098	0.19198874976423977	0.16536425311089142	0.1231571033151316	0.9608770424836925	0.9780851482298232	0.9211561460568315	0.9579556775969307	0.9863534401391328	0.9221521736828822
TTC	Phe	F	15315	18923	13886	19119	18340	13802	219873	261349	135869	235620	225947	121998	2282.2775416470845	2998.0951361485613	1426.0247257798285	2610.8076194940704	2342.5724270686283	1323.6019933912899	14.356709108716943	13.81118215927707	9.784603197465072	12.323866310999529	12.31990185387132	8.839153745833936	0.758372497138081	0.7348158330085892	0.7712901969660124	0.6813642349289609	0.7618765838270112	0.7180563350987884	0.14902236641508876	0.15843656588006982	0.1026951408454435	0.1365556576962221	0.12773023048356752	0.09589928947915446	0.758372497138081	0.7348158330085892	0.7712901969660124	0.6813642349289609	0.7618765838270112	0.7180563350987884
TTT	Phe	F	16725	21983	15234	23292	21439	15215	72990	93857	48699	96881	86602	45174	2611.4794832294465	3605.096343877645	1665.6860556221254	3265.0383936189087	2693.6027941262405	1555.8368777124713	4.364125560538117	4.269526452258564	3.1967309964552975	4.159410956551605	4.03946079574607	2.9690437068682223	0.7946055806915485	0.7605941845492435	0.821196548688689	0.6994410966899908	0.7494108207086894	0.7656587204072347	0.15614227104510892	0.16399473883808602	0.10934003253394547	0.1401785331280658	0.12564031877075613	0.10225677802908126	0.7946055806915485	0.7605941845492435	0.821196548688689	0.6994410966899908	0.7494108207086894	0.7656587204072347
GGC	Gly	G	7893	9904	7092	9930	9479	7494	41296	52559	25799	48887	44311	26016	1358.7592023938175	1821.4245113064082	850.9244324594007	1518.3667184559545	1291.6056588289277	819.6495019189347	5.231977701761054	5.306845718901454	3.6377608573040043	4.923162134944612	4.674649224601751	3.4715772618094474	0.8760552865893688	0.8529501108080548	0.9011356752663326	0.7629517306827277	0.8127525593943381	0.81895043741959	0.1721473713915897	0.1839079676197908	0.11998370452050207	0.15290702099254325	0.13625969604693824	0.10937409953548635	0.8760552865893688	0.8529501108080548	0.9011356752663326	0.7629517306827277	0.8127525593943381	0.81895043741959
GGG	Gly	G	4440	5971	4011	6075	5654	4350	17590	22942	11109	23627	20351	11589	754.4104713549232	1110.1601900446235	483.4747531679048	955.4002218270306	788.3436013911066	494.0035851595992	3.9617117117117115	3.842237481158935	2.769633507853403	3.8892181069958847	3.5993986558188893	2.6641379310344826	0.864680881953834	0.8623065071684436	0.9052927764557374	0.7847091031920753	0.8316693047008381	0.8503230904672906	0.1699122683231809	0.1859253374718847	0.12053721096183116	0.1572675262266717	0.13943112865070864	0.1135640425654251	0.864680881953834	0.8623065071684436	0.9052927764557374	0.7847091031920753	0.8316693047008381	0.8503230904672906
GGT	Gly	G	23735	28557	21950	28823	27538	22619	467862	564423	287415	490145	460329	263161	3501.517531822276	4535.906183813242	2144.940832783995	3947.914141469178	3389.3328462425743	2105.2978292184284	19.711902254055193	19.764786217039607	13.094077448747152	17.00534295527877	16.716137700631855	11.63451080949644	0.750754922139757	0.7366726847938821	0.7339199766487304	0.6834364738711455	0.7341296332234226	0.6969205500774004	0.14752549112375293	0.1588369290826502	0.09771940012683349	0.13697096559931923	0.12307839517185613	0.09307652103180637	0.750754922139757	0.7366726847938821	0.7339199766487304	0.6834364738711455	0.7341296332234226	0.6969205500774004
GGA	Gly	G	7528	9827	6601	10124	9295	6712	30032	37163	19005	35888	32970	18305	1380.553898127325	1892.3331679106625	823.5444663788916	1587.7358537176372	1294.4438809857108	782.049175345272	3.989373007438895	3.781723822122723	2.8791092258748674	3.544843935203477	3.5470683162990855	2.7272050059594757	0.9332647773012146	0.8930992619008412	0.9370121823786608	0.7825205486543207	0.8306628020240804	0.8724192570242538	0.1833892000700485	0.19256468585638165	0.12476056148748546	0.15682890692588278	0.13926238633520288	0.11651507379995114	0.9332647773012146	0.8930992619008412	0.9370121823786608	0.7825205486543207	0.8306628020240804	0.8724192570242538
CAT	HIS	H	4927	6886	4551	7297	6557	4822	18772	24413	12467	24262	21883	12085	569.6340191471259	807.4992099435414	376.92098752072974	725.4375027321802	588.7342901991741	378.8589645535004	3.8100263852242744	3.5453093232645947	2.739397934519886	3.324928052624366	3.3373493975903616	2.5062214848610536	0.5883618092334848	0.5438738433309969	0.6220301011063155	0.496049815482691	0.5355562326302367	0.588292742325244	0.11561477961175683	0.11726680365140014	0.08282157493314211	0.09941585620558863	0.08978714201603998	0.07856884374813364	0.5883618092334848	0.5438738433309969	0.6220301011063155	0.496049815482691	0.5355562326302367	0.588292742325244
CAC	HIS	H	3126	4105	2948	4202	4070	3049	28296	33597	19288	29427	29116	18678	273.05897912481	375.0656623504429	182.76531537654935	323.30729235532766	290.9590141511782	183.40898904213026	9.051823416506718	8.184409257003654	6.542740841248304	7.00309376487387	7.153808353808354	6.125942932108888	0.4445274739543613	0.4237573356771238	0.4656227780811807	0.38390970206646824	0.4264109388693768	0.4504082339866339	0.08735092102521112	0.09136800544468768	0.061996375636549986	0.07694128804267673	0.07148870126564576	0.060153817330970895	0.4445274739543613	0.4237573356771238	0.4656227780811807	0.38390970206646824	0.4264109388693768	0.4504082339866339
ATA	Ile	I	10354	14116	9396	15484	14009	9871	29069	37973	19790	45346	38048	20434	1850.3517476842435	2652.6075716616124	1195.2495105588973	2563.7109026934036	2012.1475681490535	1209.9111216338206	2.8075140042495654	2.690068007934259	2.106215410813112	2.9285714285714284	2.715968306088943	2.0701043460642286	0.9094467035495603	0.8715342124947183	0.9553961417395255	0.8261435621871636	0.8567293055797838	0.9177733562181868	0.17870888040218694	0.18791495973800032	0.12720833445709848	0.165571616035482	0.14363249112349585	0.12257229476586168	0.9094467035495603	0.8715342124947183	0.9553961417395255	0.8261435621871636	0.8567293055797838	0.9177733562181868
ATC	Ile	I	15585	19152	14053	19638	18623	14279	254070	297687	148333	287911	265187	140060	2497.517467887651	3301.451935297035	1502.5205878147553	2997.8921331994056	2568.7385930279174	1479.876988552893	16.302213666987488	15.543389724310776	10.555255105671387	14.660912516549546	14.239757289373356	9.80881014076616	0.8155166775367667	0.7994916472939309	0.8030069459619964	0.7617077635250298	0.8227373193537499	0.7760164940980175	0.16025136143007065	0.17238157556897635	0.10691813760867824	0.1526577112332929	0.1379336623008064	0.10364010004572399	0.8155166775367667	0.7994916472939309	0.8030069459619964	0.7617077635250298	0.8227373193537499	0.7760164940980175
ATT	Ile	I	26177	33086	23899	34323	32117	24217	264032	325397	167872	328903	295481	158735	4488.65676667884	6081.74009825669	2798.6885329189176	5527.026726335136	4635.766426629602	2679.60183578078	10.08641173549299	9.834884845554011	7.024226955102724	9.58258310753722	9.200143226328736	6.55469298426725	0.8726249852353167	0.8525241223228686	0.8795139977563018	0.8034816441424121	0.8609491550178291	0.8285010316564698	0.17147330735679564	0.18381611854732183	0.11710483839988776	0.1610298262487293	0.1443399578612449	0.11064961951442294	0.8726249852353167	0.8525241223228686	0.8795139977563018	0.8034816441424121	0.8609491550178291	0.8285010316564698
AAA	Lys	K	32544	42901	29799	50084	44652	35026	184374	237004	116899	304478	257109	144970	5964.429009492649	8742.657299299624	3708.3238812433997	10037.588134884492	7486.002815447143	4677.8620967597835	5.665376106194691	5.524439989743829	3.9229168764052487	6.079346697548119	5.7580623488309595	4.138925369725347	0.9326722637727691	0.945146486937893	0.9346389686529379	1.0	1.0	1.0	0.1832727694657279	0.20378679516327416	0.12444457469188226	0.20041506538783826	0.16765212791022	0.13355399122822428	0.9326722637727691	0.945146486937893	0.9346389686529379	1.0	1.0	1.0
AAG	Lys	K	27956	35039	25833	36528	33194	26325	554042	682260	336125	647429	562849	312983	4526.9513178964635	6215.413574525565	2778.1297977479953	5906.117938821211	4521.2798003696835	2657.6953861456836	19.81835741880097	19.471446102913895	13.01145821236403	17.724184187472623	16.95634753268663	11.889192782526116	0.8240658396069163	0.8226998418932694	0.8076916728163828	0.8067627844417894	0.8124426696639117	0.7559271629675431	0.1619312962475484	0.17738558676119653	0.10754189593728933	0.1616874161963757	0.13620774237421474	0.10095708969214373	0.8240658396069163	0.8226998418932694	0.8076916728163828	0.8067627844417894	0.8124426696639117	0.7559271629675431
CTG	Leu	L	6825	8886	6114	9501	8950	6698	22891	27876	15016	31412	28277	15967	1123.3706191148422	1549.8935120774454	718.9657497204824	1396.8379740254215	1179.9499647325908	747.8040951280369	3.353992673992674	3.137069547602971	2.456002616944717	3.3061782970213662	3.1594413407821227	2.3838459241564647	0.8376286520245801	0.8089443319020349	0.8831829658470443	0.7335780876983929	0.786378237662	0.8359606299508706	0.16459642770913438	0.17441970651332944	0.11759335127911064	0.14702010041315877	0.131837984886323	0.11164587863959942	0.8376286520245801	0.8089443319020349	0.8831829658470443	0.7335780876983929	0.786378237662	0.8359606299508706
TTA	Leu	L	21343	27617	19811	29028	26597	19626	138367	176080	90302	180597	160591	83209	3889.495173422393	5547.4438007356375	2525.7026083071755	5004.915572292991	4032.452485955616	2320.402322950106	6.483015508597667	6.375783032190317	4.558174751400737	6.22147581645308	6.037936609392037	4.2397330072353006	0.9274038439093717	0.9316214862872052	0.9575109107992843	0.8602987197903698	0.9043312436619699	0.8852677141530607	0.18223750988250914	0.20087061595161088	0.12748991006547755	0.1724168241798605	0.1516130573356249	0.11823103653062804	0.9274038439093717	0.9316214862872052	0.9575109107992843	0.8602987197903698	0.9043312436619699	0.8852677141530607
CTA	Leu	L	9469	12239	8810	12856	12151	9202	51966	64534	34699	64588	60667	34272	1585.540068324555	2236.6518442657957	1048.0240472578141	1962.534007665221	1671.5289213628373	1034.4031240366671	5.48801351779491	5.272816406569164	3.9385925085130533	5.0239576851275665	4.992757797712122	3.724407737448381	0.8521267995325166	0.847569924307636	0.8934356053467936	0.761694750724532	0.8205268639947569	0.8416872010987273	0.16744535519321524	0.18274792419852895	0.11895846166377005	0.15265510327203025	0.13756307475622068	0.11241068507244807	0.8521267995325166	0.847569924307636	0.8934356053467936	0.761694750724532	0.8205268639947569	0.8416872010987273
CTC	Leu	L	3305	4236	3021	4403	4222	3200	10597	12721	7038	13124	12403	7192	610.6669971869172	800.7022717324227	400.06159287262693	699.60220629325	614.6096376717787	396.4629531421133	3.2063540090771556	3.0030689329556184	2.3296921549155907	2.9806949806949805	2.9377072477498816	2.2475	0.9402949527997911	0.8766741363832053	0.9945899149117624	0.7928154779939636	0.8683045306850532	0.9276748056536362	0.18477064967834106	0.1890231991814029	0.13242687615777124	0.15889216586265045	0.1455731022434341	0.1238946728569104	0.9402949527997911	0.8766741363832053	0.9945899149117624	0.7928154779939636	0.8683045306850532	0.9276748056536362
TTG	Leu	L	26820	32857	24300	33766	31777	24139	529074	638402	313304	592979	551480	277489	4685.514832579779	6282.958983867285	2795.8040787700206	5634.996771586664	4766.461556965406	2585.001680288576	19.726845637583892	19.429710563958974	12.893168724279835	17.561422732926612	17.354690499417817	11.495463772318654	0.8890571164740099	0.8868688511931335	0.864108699015294	0.8326906548821218	0.8946931877881501	0.8018343989067467	0.17470226817970838	0.19122132221040522	0.11505366579300497	0.1668837520460423	0.14999721675946143	0.10708818427808013	0.8890571164740099	0.8868688511931335	0.864108699015294	0.8326906548821218	0.8946931877881501	0.8018343989067467
CTT	Leu	L	7376	9455	6651	9944	9437	6824	25605	31038	17226	33139	30620	16897	1252.489153040992	1662.689068327467	792.0061678113467	1471.9258529370122	1271.3444270240814	767.0518609262069	3.4713937093275486	3.282707562136436	2.5899864682002707	3.3325623491552694	3.244675214580905	2.476113716295428	0.8641401510678127	0.8155913164354199	0.8943541623485849	0.7385747445648257	0.8035634941474267	0.841644788132693	0.16980601315631672	0.17585288929957346	0.11908076496938005	0.1480215057257655	0.1347191297047877	0.11240502065155436	0.8641401510678127	0.8155913164354199	0.8943541623485849	0.7385747445648257	0.8035634941474267	0.841644788132693
ATG	Met	M	13582	17251	11890	18748	16937	12611	114099	139690	72041	145109	126972	71376	2051.83760848622	2821.9317162971115	1244.1012590261732	2721.1703210599076	2163.1885795752137	1293.2255476089658	8.400750993962598	8.097501594110486	6.058957106812447	7.739972263708129	7.496723150498908	5.659820791372611	0.7687946966509468	0.7586741914258186	0.7858538617135858	0.7242198364479657	0.7618137795966926	0.7678349538797793	0.15107035845134884	0.16358076148032644	0.10463425223096495	0.1451445658768886	0.12771970122071286	0.10254742269518403	0.7687946966509468	0.7586741914258186	0.7858538617135858	0.7242198364479657	0.7618137795966926	0.7678349538797793
AAC	Asn	N	18565	23467	16814	23809	22534	16977	242309	291763	149908	262582	252942	143517	2922.457931806545	3936.2436800776204	1796.244954673853	3327.603155625044	2914.951727670005	1729.5748866091183	13.051925666576892	12.432905782588316	8.915665516831211	11.028686631105884	11.224904588621639	8.453613712670084	0.8010957613220062	0.7779424816796522	0.8023473727694181	0.6973647766386619	0.7715854103187063	0.7628190860149354	0.15741761011616184	0.16773527421816253	0.10683031727571388	0.13976240730921266	0.12935793590441133	0.10187753352236074	0.8010957613220062	0.7779424816796522	0.8023473727694181	0.6973647766386619	0.7715854103187063	0.7628190860149354
AAT	Asn	N	22535	30185	20428	31958	29090	20820	84967	108735	55975	112655	98662	53935	3918.9486316750535	5571.275636417994	2464.9847872847	4970.555883366337	3988.4264805697685	2405.2214751060965	3.7704459729309963	3.6022859035945007	2.740111611513609	3.525095437762063	3.391612237882434	2.590537944284342	0.8849997084523439	0.8560252009716673	0.9062673017204786	0.7760594715871292	0.8178031889902978	0.8650027263524884	0.17390497588972947	0.18457100004697677	0.12066696628572057	0.1555340097429857	0.13710644484598722	0.11552456652767033	0.8849997084523439	0.8560252009716673	0.9062673017204786	0.7760594715871292	0.8178031889902978	0.8650027263524884
CCC	Pro	P	3801	4916	3533	4848	4741	3883	11591	13863	7958	13020	12705	8618	593.1310539705602	777.8073047427678	399.5603243184066	595.9129430975028	564.2573851817707	418.26329551556614	3.0494606682451986	2.8199755899104963	2.2524766487404473	2.6856435643564356	2.679814385150812	2.2194179757919135	0.794115937287569	0.7338093282236516	0.8493890075195601	0.6133238347607962	0.709901717047341	0.806539224043662	0.15604605471469618	0.15821954937810573	0.11309377988066985	0.12291933644750469	0.11901653347010561	0.10771653245314605	0.794115937287569	0.7338093282236516	0.8493890075195601	0.6133238347607962	0.709901717047341	0.806539224043662
CCG	Pro	P	3227	4301	2904	4437	4233	3227	9676	12166	6212	12553	11745	6911	606.2475396664863	845.7491254647961	382.6799823853975	695.8705308692081	618.9550962944235	428.2651968671512	2.9984505732878834	2.8286445012787724	2.1391184573002753	2.8291638494478253	2.77462792345854	2.1416176014874497	0.9560533835293095	0.9120007590464637	0.989707929775432	0.7825437941232881	0.872171326325744	0.9937037894462715	0.18786722642283432	0.19664011287254035	0.13177685343849777	0.15683356566806583	0.14622137876078986	0.13271310717916057	0.9560533835293095	0.9120007590464637	0.989707929775432	0.7825437941232881	0.872171326325744	0.9937037894462715
CCA	Pro	P	17187	20870	15700	20578	20018	16160	314547	372411	196877	313139	314642	187081	3116.689534443759	4085.557578783638	1891.7905815825502	3255.099714358097	3055.938050941238	1902.132420070561	18.301448769418748	17.844321993291807	12.539936305732484	15.217173680629799	15.717953841542611	11.576794554455445	0.9228361205392985	0.9079291742421278	0.9049848798561588	0.7892794024811914	0.9105730472489026	0.8813380493596372	0.18133993916586716	0.19576222227041867	0.12049621538742358	0.1581834830575419	0.15265950898897182	0.1177062141132773	0.9228361205392985	0.9079291742421278	0.9049848798561588	0.7892794024811914	0.9105730472489026	0.8813380493596372
CCT	Pro	P	8690	11116	7996	11095	10920	8465	42123	50498	28164	46783	46081	27820	1298.3830722277642	1724.6704702431937	842.8452294008345	1411.1713134696301	1311.6890746599026	859.0881486790325	4.847295742232451	4.5428211586901766	3.5222611305652824	4.2165840468679585	4.2198717948717945	3.2864737152982872	0.7603511154000396	0.7195826348619585	0.7916677694951229	0.6346321482328975	0.7164719507428654	0.7598955374781651	0.14941117056706146	0.1551520754087076	0.10540835785403133	0.12718984348532042	0.12011804713002772	0.10148708194672564	0.7603511154000396	0.7195826348619585	0.7916677694951229	0.6346321482328975	0.7164719507428654	0.7598955374781651
CAA	Gln	Q	16556	21734	14938	24945	23497	17928	134261	166808	84027	203522	191500	111116	2194.3403741170773	3059.7015958417905	1311.6733129683626	3430.8490106132476	2909.509338826997	1740.1034750945666	8.109507127325442	7.674979295113647	5.625050207524434	8.158829424734416	8.149976592756522	6.197902721999108	0.6744964919304804	0.6529237935442695	0.6594792633372875	0.6862584933331439	0.7385812335885389	0.7267522072689518	0.13254049130931853	0.1407794973701017	0.08780782654762101	0.1375365408143214	0.12382471544567379	0.09706065791469023	0.6744964919304804	0.6529237935442695	0.6594792633372875	0.6862584933331439	0.7385812335885389	0.7267522072689518
CAG	Gln	Q	7665	9941	6932	11087	10295	8100	24731	29949	16365	35881	31902	19647	1309.1806717148943	1777.6747303241543	814.8234298593859	1761.5052137412815	1460.3185217867622	1000.4094365818147	3.22648401826484	3.012674781209134	2.360790536641662	3.236312798773338	3.0987858183584263	2.4255555555555555	0.8691976527222279	0.8293642482469112	0.8828214385360438	0.792755968961999	0.8460814483442137	0.9247745927603971	0.17079982670774876	0.1788225259354345	0.11754521492489699	0.1588802393561181	0.1418473552002683	0.12350733784960675	0.8691976527222279	0.8293642482469112	0.8828214385360438	0.792755968961999	0.8460814483442137	0.9247745927603971
AGG	Arg	R	6405	8493	5530	9001	8299	6053	20773	27292	13420	30016	25556	14235	1200.3056853368894	1695.997194390314	717.6545482072042	1532.7243855366671	1229.592814261003	742.958192798796	3.243247462919594	3.2134699164017424	2.426763110307414	3.3347405843795133	3.079407157488854	2.3517264166528995	0.9536825763422371	0.9261622820076605	0.9746714096558861	0.8496556321927992	0.8837440073034714	0.9190451148088179	0.18740135602449484	0.19969353519254845	0.12977478267761378	0.1702837890830649	0.14816156335233197	0.12274214320151924	0.9536825763422371	0.9261622820076605	0.9746714096558861	0.8496556321927992	0.8837440073034714	0.9190451148088179
AGA	Arg	R	18904	23557	17000	23946	22378	17549	363789	443469	212197	405919	367550	198591	3306.96603528402	4456.491529320716	1967.9714971545723	3975.240438966357	3211.697226669619	1913.5214165121665	19.24402242911553	18.825359765674747	12.482176470588236	16.95143238954314	16.42461345964787	11.31637130320816	0.8902400839584699	0.8773970874031767	0.8694363617618699	0.8283236451231022	0.8560601031478016	0.8164396389663454	0.17493472467647164	0.18917907752772917	0.1157630292443866	0.16600853749963906	0.14352029791177134	0.1090387723808859	0.8902400839584699	0.8773970874031767	0.8694363617618699	0.8283236451231022	0.8560601031478016	0.8164396389663454
CGT	Arg	R	4629	5810	4240	5872	5537	4407	45733	54572	27739	50925	47714	25852	624.995631521569	820.9671661387326	386.6641436418708	716.181123051374	623.1412259384709	391.92179716247773	9.879671635342406	9.39277108433735	6.542216981132076	8.672513623978201	8.617301787971826	5.866122078511459	0.6871015371632738	0.6553491504956972	0.6849138695394099	0.6085642807086598	0.6712787367664611	0.6658854050320603	0.13501741877761264	0.14130243823386104	0.09119437350044123	0.12196545011092881	0.11254130863978164	0.08893165354265435	0.6871015371632738	0.6553491504956972	0.6849138695394099	0.6085642807086598	0.6712787367664611	0.6658854050320603
CGA	Arg	R	801	1219	625	1196	1230	720	1633	2120	928	2068	2080	1044	141.5804691322782	212.62409643651023	76.53456718303288	169.88969633790265	157.73307472585367	84.76568949334265	2.0387016229712858	1.7391304347826086	1.4848	1.7290969899665551	1.6910569105691058	1.45	0.8995016204736276	0.80896896421952	0.919698609477943	0.7087702753798206	0.7649069160846782	0.8815170794493564	0.17675464311145844	0.17442501758532422	0.1224553074928526	0.1420482410852029	0.12823827213484038	0.11773012429630923	0.8995016204736276	0.80896896421952	0.919698609477943	0.7087702753798206	0.7649069160846782	0.8815170794493564
CGC	Arg	R	1433	1918	1307	1935	1850	1451	4292	5585	2936	5566	5102	3120	238.04471118864348	345.2669351182776	154.67022134398016	284.1685134334667	240.83372585685845	162.23134784047116	2.9951151430565246	2.9118873826903022	2.2463657230298395	2.876485788113695	2.7578378378378376	2.1502412129565815	0.8453634476375341	0.8348904084884697	0.8887897473146097	0.7327648378195435	0.7764911425685692	0.8371639001671642	0.16611633718677143	0.18001404333591117	0.11833987861054335	0.1468571128855125	0.13018039235505863	0.11180658017951148	0.8453634476375341	0.8348904084884697	0.8887897473146097	0.7327648378195435	0.7764911425685692	0.8371639001671642
CGG	Arg	R	329	455	313	555	477	336	826	1031	600	1097	983	597	53.51536511673365	71.2694616065837	35.656794316049336	66.51100981685792	48.411223044829526	35.06586917461596	2.5106382978723403	2.265934065934066	1.9169329073482428	1.9765765765765766	2.060796645702306	1.7767857142857142	0.8277776837455719	0.726465787571078	0.8555903447714694	0.5979573296835804	0.6053668086533862	0.7814270836615627	0.162660684245391	0.15663617935512902	0.11391947065830459	0.11983965732767193	0.10149103363695917	0.10436270587683322	0.8277776837455719	0.726465787571078	0.8555903447714694	0.5979573296835804	0.6053668086533862	0.7814270836615627
AGT	Ser	S	9870	12884	8932	13777	12552	9581	41058	50833	26440	53796	46549	26878	1769.5394454790433	2446.969069057838	1130.5860518246077	2253.8151846826395	1784.8308415285871	1153.4631347919644	4.1598784194528875	3.9454361999379075	2.960143304970891	3.9047688175945416	3.7084926704907586	2.805343909821522	0.9123767602568685	0.8808477482917992	0.9506547565121732	0.8162689512779836	0.8481546769454947	0.9014383021725187	0.1792846449320206	0.18992308825348014	0.12657703222398206	0.16359259524443925	0.1421949363869174	0.12039068310113396	0.9123767602568685	0.8808477482917992	0.9506547565121732	0.8162689512779836	0.8481546769454947	0.9014383021725187
AGC	Ser	S	6636	8635	5921	8947	8427	6380	30449	37235	19430	36893	34591	19900	1210.0535878332544	1644.072916021642	752.4828899206025	1433.1161459315438	1228.1524446810306	780.9217809581223	4.5884569017480406	4.312101910828026	3.2815402803580476	4.1235050855035205	4.104782247537677	3.1191222570532915	0.9279601906504612	0.8830429305427919	0.9544858289843651	0.7992333301715546	0.8693010677810559	0.9164947594592666	0.18234683360959228	0.19039640023412183	0.1270871288499582	0.16017840012647186	0.1457401738081204	0.12240153306553642	0.9279601906504612	0.8830429305427919	0.9544858289843651	0.7992333301715546	0.8693010677810559	0.9164947594592666
TCT	Ser	S	19841	24404	18139	24365	23404	18187	257962	304411	164720	254034	250331	145795	3376.9793676191916	4419.658572902934	2100.1348427402613	3591.9360323189394	3177.807859024243	1982.4454938627528	13.00146161987803	12.4738157679069	9.080985721373835	10.426185101580135	10.696077593573747	8.016440314510364	0.8661557029797415	0.839944883990115	0.8695644094358842	0.7355832195918443	0.809894547729292	0.816175055351721	0.17020207487622557	0.1811038589125936	0.11578007843542981	0.14742195905269606	0.13578054430970105	0.10900343618313921	0.8661557029797415	0.839944883990115	0.8695644094358842	0.7355832195918443	0.809894547729292	0.816175055351721
TCG	Ser	S	5864	7578	5204	7826	7591	5460	20150	25004	12816	26306	24342	13257	1052.8568338724554	1428.0497558512577	657.419107988099	1230.7452016815487	1092.4849949136844	654.3288288518532	3.4362210095497954	3.2995513328054895	2.46272098385857	3.361359570661896	3.206692135423528	2.428021978021978	0.913706002278744	0.8740007862611421	0.9487962325773338	0.7846896836368688	0.8584350058080933	0.8973183335260414	0.17954584479407493	0.18844678752325913	0.12632957494006514	0.15726363425524517	0.1439184553963489	0.11984044484466176	0.913706002278744	0.8740007862611421	0.9487962325773338	0.7846896836368688	0.8584350058080933	0.8973183335260414
TCC	Ser	S	12694	15451	11832	15181	14785	11816	178320	208269	117581	175462	174579	102769	2162.6026641230774	2751.102580818255	1398.8157272203723	2215.653610996902	2070.520984252381	1284.9586385058774	14.047581534583268	13.479321726749077	9.937542258282624	11.558000131743627	11.807845789651674	8.697444143534192	0.8669805584937837	0.8257969542104237	0.8879126885369159	0.7282342824539622	0.8353129942911915	0.8142575511598267	0.17036416134576	0.17805336747254255	0.11822310067785433	0.1459491213356763	0.1400420009639757	0.10874734584511488	0.8669805584937837	0.8257969542104237	0.8879126885369159	0.7282342824539622	0.8353129942911915	0.8142575511598267
TCA	Ser	S	13152	16873	11500	17326	16512	11666	49416	61527	31469	61272	57734	30187	2485.2207855614665	3367.8718363537228	1485.4969022914363	2798.447988305516	2474.9977721236896	1433.7204487987049	3.7572992700729926	3.646476619451194	2.7364347826086957	3.5364192542998962	3.496487403100775	2.587605006000343	0.9616217909783122	0.9257342557437597	0.9701565649030364	0.8059137486178215	0.8940587591449002	0.9202072192531406	0.18896143442529398	0.19960124674650168	0.1291736436775162	0.16151725662619854	0.14989085344741337	0.1228973468882826	0.9616217909783122	0.9257342557437597	0.9701565649030364	0.8059137486178215	0.8940587591449002	0.9202072192531406
ACG	Thr	T	4595	6091	4299	6516	5982	4591	14326	17536	9841	19161	16858	10349	770.1129554281697	1017.6420415722055	508.32875484932777	927.7191946999657	755.739796324266	516.2829255310342	3.1177366702937976	2.879001805943195	2.289137008606653	2.9406077348066297	2.8181210297559343	2.2541929862774994	0.8529037676345573	0.7748712115154517	0.8880658070811797	0.7104035155446873	0.7535582232948712	0.842022309275549	0.16759803164922082	0.1670730654362511	0.11824348798542167	0.1423755670196387	0.12633563963962988	0.11245544010695582	0.8529037676345573	0.7748712115154517	0.8880658070811797	0.7104035155446873	0.7535582232948712	0.842022309275549
ACA	Thr	T	9397	12575	8803	13347	12077	9338	32466	39527	22068	42816	37046	22923	1417.5036657213889	1953.5257047294613	940.7775190703283	1717.4410786575904	1414.7019646737722	951.7531757979008	3.4549324252420988	3.143300198807157	2.506872657048733	3.2079118903124297	3.067483646600977	2.454808310130649	0.7676549999143506	0.7205003918198798	0.8026461848238187	0.6420484785303258	0.6987097769384254	0.7631564756382134	0.15084640478039682	0.15534995663852574	0.10687010326824131	0.1286761878068173	0.11714018089540218	0.10192259325314851	0.7676549999143506	0.7205003918198798	0.8026461848238187	0.6420484785303258	0.6987097769384254	0.7631564756382134
ACC	Thr	T	9272	11434	8619	11510	10835	9017	147188	173271	95955	158061	144690	94515	1193.0368926467254	1565.6764698282298	781.0441559459991	1307.951539906992	1162.938605252904	787.7181250438883	15.874460742018982	15.154014343186986	11.132962060563871	13.73249348392702	13.353945546838947	10.481867583453477	0.6548043711069823	0.6350777855816205	0.6805916603647508	0.567003794308386	0.6402046172646294	0.6541116700786538	0.1286709332017607	0.13693164857689608	0.0906188833908805	0.11363610251146758	0.10733166638236308	0.08735922424796366	0.6548043711069823	0.6350777855816205	0.6805916603647508	0.567003794308386	0.6402046172646294	0.6541116700786538
ACT	Thr	T	13493	16920	12412	17535	16170	13071	137154	164127	89089	155186	138633	87703	1817.6324970714818	2352.3114359322935	1143.325050677386	2114.08684768626	1745.8138596848544	1182.3633308550582	10.164826206180983	9.700177304964539	7.177650660650983	8.85007128599943	8.573469387755102	6.709739117129524	0.685533492387136	0.6447888906152692	0.6918243901335103	0.6015707193543928	0.6439895898401777	0.6773065355997147	0.1347092934908087	0.13902549857755872	0.09211449006424315	0.12056383505481952	0.10796622508873559	0.09045699111430328	0.685533492387136	0.6447888906152692	0.6918243901335103	0.6015707193543928	0.6439895898401777	0.6773065355997147
GTG	Val	V	7627	9868	6884	10669	9655	7459	32162	40922	20833	45341	38552	22534	1151.5471080860864	1585.74025842112	733.8362293296802	1549.2516994356236	1222.5241434445832	780.9430231467472	4.216861151173463	4.146939602756384	3.026292852992446	4.249789108632487	3.9929570170895907	3.021048397908567	0.7683499754474956	0.7452912049744715	0.8006195743986766	0.724549233493339	0.7552593257493865	0.7839382783941866	0.15098296946192297	0.16069520251531413	0.10660026573644396	0.14521058200727563	0.12662083308592265	0.10469808595612645	0.7683499754474956	0.7452912049744715	0.8006195743986766	0.724549233493339	0.7552593257493865	0.7839382783941866
GTC	Val	V	10422	12521	9370	12939	12114	9864	217048	256588	127915	239218	214256	123071	1410.0179479060748	1808.4625322874192	849.549543199197	1685.6944361228716	1437.8009380582594	864.585987905152	20.825945116100556	20.49261241114927	13.65154749199573	18.488136641162377	17.686643552913985	12.476784266017843	0.6885011833669519	0.6698747143995148	0.6809528415584013	0.6500515164493297	0.7079492455106573	0.6562937340304846	0.13529245326291256	0.14443435287017165	0.0906669736605333	0.13028011717465582	0.11868919746229646	0.08765064759784591	0.6885011833669519	0.6698747143995148	0.6809528415584013	0.6500515164493297	0.7079492455106573	0.6562937340304846
GTA	Val	V	8001	10789	7211	11538	10576	7733	29034	37476	19304	40923	35967	19921	1384.3089770844476	2013.5851355963025	875.0135189922685	1827.875360564905	1506.4429699448767	889.3391710243369	3.628796400449944	3.473537862637872	2.6770212175842465	3.546801872074883	3.4008131618759454	2.5761024182076815	0.8804807876186683	0.8655893182731704	0.9113541678540742	0.7904705225816027	0.8496150226223866	0.8611177469048306	0.17301699501117956	0.18663315743778872	0.12134426833896388	0.15842220147035058	0.14243976644713283	0.115005712016596	0.8804807876186683	0.8655893182731704	0.9113541678540742	0.7904705225816027	0.8496150226223866	0.8611177469048306
GTT	Val	V	18689	23300	17181	24436	22651	17851	288897	351383	171141	343367	300121	162768	2758.704327576107	3678.870860753472	1717.3252770705842	3436.065743920128	2831.33304322275	1729.5496290592368	15.458130451067472	15.080815450643778	9.96106163785577	14.051686036994598	13.249790296234162	9.118144641756764	0.7511907149900469	0.7322876452242519	0.7507097236206053	0.7016184221109455	0.7455804423333745	0.7254602265772429	0.1476111256662265	0.15789145325122197	0.09995490815846483	0.14061490194467705	0.12499814768543331	0.0968881087367227	0.7511907149900469	0.7322876452242519	0.7507097236206053	0.7016184221109455	0.7455804423333745	0.7254602265772429
TGG	Trp	W	5694	7505	4994	7983	7474	5543	45153	54815	25409	52409	48633	26149	716.1651431457373	954.1118760210186	426.3215964409531	895.0250878486961	766.3082626415703	462.86216038447304	7.929926238145416	7.30379746835443	5.0879054865839	6.565075786045346	6.506957452502007	4.717481508208551	0.6400690617229983	0.589619298874621	0.6411456679402254	0.5594209351409052	0.6115632004567446	0.6252445691264481	0.12577540273019622	0.1271301633605621	0.08536675939946999	0.11211638329559014	0.10252987190815765	0.08350390770060852	0.6400690617229983	0.589619298874621	0.6411456679402254	0.5594209351409052	0.6115632004567446	0.6252445691264481
TAC	Tyr	Y	14562	17371	13157	17601	17161	13331	249360	291751	150627	258794	255682	137816	2752.460794300557	3510.5235915218254	1685.2054549840989	2963.8663409418614	2756.4851729497564	1585.4399047162167	17.12402142562835	16.795291002245122	11.448430493273543	14.703369126754161	14.89901520890391	10.338009151601531	0.961902899947969	0.9372817494232847	0.9619752494053462	0.8402159218685576	0.9580849086764806	0.8904923342307932	0.18901667314246376	0.2020910478108241	0.12808432431284478	0.1683919289211898	0.16062497365828077	0.11892880539466032	0.961902899947969	0.9372817494232847	0.9619752494053462	0.8402159218685576	0.9580849086764806	0.8904923342307932
TAT	Tyr	Y	16001	20457	14743	21196	19979	14614	81865	104004	53163	106175	95091	49610	3096.5901314836865	4355.410954604687	1962.9893747386639	3840.48436553413	3194.313086061992	1838.2940575226319	5.116242734829073	5.084029916410031	3.605982500169572	5.009199849028119	4.759547524901146	3.394690023265362	0.9848446256923705	0.9874390062302575	1.0	0.9040693082446656	0.9536624080150758	0.9418657596536214	0.1935247879184855	0.2129056535466924	0.13314721391430942	0.18118910952699235	0.1598835320117119	0.12578993140294456	0.9848446256923705	0.9874390062302575	1.0	0.9040693082446656	0.9536624080150758	0.9418657596536214
