Codon	AA	Abbr	SRR1944912	SRR1944913	SRR1944914	SRR1944915	SRR1944916	SRR1944917	SRR1944912_count	SRR1944913_count	SRR1944914_count	SRR1944915_count	SRR1944916_count	SRR1944917_count	SRR1944912_norm	SRR1944913_norm	SRR1944914_norm	SRR1944915_norm	SRR1944916_norm	SRR1944917_norm	SRR1944912_absolute_cdt	SRR1944913_absolute_cdt	SRR1944914_absolute_cdt	SRR1944915_absolute_cdt	SRR1944916_absolute_cdt	SRR1944917_absolute_cdt	SRR1944912_relative_cdt	SRR1944913_relative_cdt	SRR1944914_relative_cdt	SRR1944915_relative_cdt	SRR1944916_relative_cdt	SRR1944917_relative_cdt	SRR1944912_norm_cdt	SRR1944913_norm_cdt	SRR1944914_norm_cdt	SRR1944915_norm_cdt	SRR1944916_norm_cdt	SRR1944917_norm_cdt	SRR1944912_norm_relative_cdt	SRR1944913_norm_relative_cdt	SRR1944914_norm_relative_cdt	SRR1944915_norm_relative_cdt	SRR1944916_norm_relative_cdt	SRR1944917_norm_relative_cdt
GCC	Ala	A	11971	14298	11537	14066	13774	12149	175900	206471	118294	183516	172306	117696	1895.5971422868815	2401.1499003929716	1287.2222914782526	2034.946745639974	1836.23231741605	1356.6130142903407	14.693843455016289	14.440551126031613	10.253445436421947	13.046779468221242	12.50951067228111	9.687710922709687	0.7028226876237371	0.7261705084286567	0.7498498059542525	0.7104102579347646	0.7863491816500235	0.7370832780557366	0.15834910552893505	0.16793606800902025	0.1115733978918482	0.14467131705104322	0.13331147941164875	0.11166458262328922	0.7028226876237371	0.7261705084286567	0.7498498059542525	0.7104102579347646	0.7863491816500235	0.7370832780557366
GCA	Ala	A	12714	15945	11422	16350	15451	12115	55549	67904	35403	68577	62259	36934	2277.500077404829	3053.897940628208	1397.1682035733502	2583.5895794285175	2191.4284702711107	1418.8045214050576	4.369120654396728	4.258639071809345	3.099544738224479	4.194311926605504	4.029447932172675	3.0486174164259183	0.7950718022648015	0.8281797783504692	0.822091507245757	0.7759478887518634	0.8366014215330853	0.7730369570260452	0.17913324503734693	0.19152699533572956	0.1223225532808046	0.15801771128003164	0.14183085044793933	0.11711139260462712	0.7950718022648015	0.8281797783504692	0.822091507245757	0.7759478887518634	0.8366014215330853	0.7730369570260452
GCG	Ala	A	4859	6168	4327	6253	5932	4625	20608	25119	12748	24712	22516	13415	876.1506099711366	1209.2484037983702	543.9588892318915	1016.2055334212046	860.7291677098617	556.87927917413	4.241201893393702	4.072470817120623	2.946152068407673	3.952023028946106	3.7956844234659473	2.9005405405405407	0.800316971210356	0.8477460684626189	0.8448756762657241	0.7980312815132764	0.8558807706461521	0.7947864111979186	0.18031500513915139	0.1960519461411106	0.12571270839655455	0.16251487820585392	0.14509932024778519	0.12040633063224433	0.800316971210356	0.8477460684626189	0.8448756762657241	0.7980312815132764	0.8558807706461521	0.7947864111979186
GCT	Ala	A	20529	24329	18814	24923	23809	19843	482920	570504	295935	500916	470589	278162	3211.902198493041	4109.846667745134	1951.1095838735544	3667.6506572525086	3229.6656252771068	2042.3796737592766	23.523795606215597	23.449545809527724	15.729509939406825	20.09854351402319	19.765172833802342	14.018142417981153	0.6944239260433703	0.7304592406896725	0.6969700987489478	0.7226274147814448	0.8001368963480887	0.6794073781991323	0.15645682685435439	0.16892789131263652	0.10370519739946606	0.1471592768628379	0.13564894053833032	0.10292696032652707	0.6944239260433703	0.7304592406896725	0.6969700987489478	0.7226274147814448	0.8001368963480887	0.6794073781991323
TGT	Cys	C	5384	6921	4925	7311	6666	5188	54976	68597	35956	65707	59534	35818	778.9875511650123	1085.5479571651288	504.5059778646476	996.015817118961	797.7046734471645	504.177506374725	10.210995542347696	9.911428984250831	7.300710659898477	8.987416222131035	8.930993099309932	6.904009252120278	0.6421782968940899	0.6782265578260535	0.6884520630515832	0.6689847840791197	0.7058699899445962	0.6414822003195632	0.1446856521480335	0.15684842611835412	0.10243776200297414	0.1362352369195679	0.11966766778385306	0.09718147771293852	0.6421782968940899	0.6782265578260535	0.6884520630515832	0.6689847840791197	0.7058699899445962	0.6414822003195632
TGC	Cys	C	2657	3456	2460	3537	3391	2622	14350	16531	9646	15455	15126	9227	453.0407356532211	598.7727424847416	301.336602263042	512.0825716033054	436.2622749610819	294.45496425955383	5.400828001505458	4.783275462962963	3.9211382113821136	4.369522193949675	4.460631082276614	3.51906941266209	0.7567908233921601	0.7491743760734211	0.8232474685455202	0.7109379931781062	0.7588706582014834	0.7412885718949556	0.17050836870651903	0.173256001876372	0.12249455376546423	0.14477878756101367	0.12865298583340665	0.11230166447732794	0.7567908233921601	0.7491743760734211	0.8232474685455202	0.7109379931781062	0.7588706582014834	0.7412885718949556
GAC	Asp	D	17189	21004	15391	21585	20621	16236	238180	283244	138084	263285	243006	136594	2750.571363470254	3627.5235649615997	1667.300479725374	3244.6028053394493	2786.90913877627	1704.3915298017898	13.856536156844493	13.485240906494	8.971736729257358	12.197590919620106	11.784394549245915	8.413032766691304	0.7102356430220447	0.7467975067568999	0.7280490859323163	0.738135809505828	0.7971884147270348	0.692933305939336	0.1600192776467656	0.17270632093704055	0.10832957440876968	0.1503174799786634	0.1351490780648984	0.1049760735280728	0.7102356430220447	0.7467975067568999	0.7280490859323163	0.738135809505828	0.7971884147270348	0.692933305939336
GAT	Asp	D	29605	37693	26756	39884	36838	27761	210238	256381	130027	250183	224798	126778	5134.234851147489	6956.922521779348	3109.1432102219837	6420.997507857618	5153.505025056233	3074.161357895431	7.1014355683161625	6.801819966572043	4.859732396471819	6.272766021462241	6.102339975025789	4.5667663268614245	0.7697342704447473	0.7980885659924735	0.7809678635863503	0.7905522560368041	0.8251911307214845	0.7309584058304013	0.1734245854128522	0.18456802381819828	0.11620358836231065	0.1609918139569155	0.1398964391404591	0.1107366938473193	0.7697342704447473	0.7980885659924735	0.7809678635863503	0.7905522560368041	0.8251911307214845	0.7309584058304013
GAG	Glu	E	13497	17622	11846	18972	16832	12548	54481	69164	32787	75821	61976	33035	2232.060418903577	3145.237243369167	1320.4664598492259	3008.310906047232	2210.6241332790446	1316.4381629601255	4.036526635548641	3.9248666439677677	2.7677697112949518	3.9964684798650643	3.6820342205323193	2.6326904686005737	0.7340047260048312	0.7717787902763333	0.7491508389338811	0.7786394270164978	0.7746884402796502	0.6925116206354789	0.16537455870960785	0.17848355710868047	0.11146939556383807	0.15856582890824542	0.13133460867865046	0.10491219022634089	0.7340047260048312	0.7717787902763333	0.7491508389338811	0.7786394270164978	0.7746884402796502	0.6925116206354789
GAA	Glu	E	35500	45592	32122	49801	44473	33932	413454	523631	246993	541332	458128	242240	5530.074056582961	7884.272938975355	3300.030355449114	7926.826117169693	5904.944038129631	3421.951600611752	11.646591549295774	11.48515090366731	7.689216113567026	10.86990221079898	10.301261439525105	7.138983850053047	0.6914053760213106	0.7477693033525179	0.6904448284256753	0.7816063098875177	0.7831902112596972	0.6656800107312385	0.15577673398825242	0.1729310611286049	0.10273427418744517	0.15917001901908984	0.1327759323214002	0.10084732997205446	0.6914053760213106	0.7477693033525179	0.6904448284256753	0.7816063098875177	0.7831902112596972	0.6656800107312385
TTC	Phe	F	14904	18535	13792	19177	18154	14321	214670	262210	135315	244151	227375	128691	2271.2759377647903	2998.092503046541	1464.0628501855874	2718.066543827057	2386.863859126088	1473.0767008338548	14.403515834675256	14.146749393040194	9.811122389791183	12.731449131772436	12.524787925526056	8.986174149849871	0.676390058781815	0.6994345231004119	0.7134213406591058	0.6959951372279979	0.7755382256005806	0.6789739738347325	0.15239371563102458	0.1617530349633958	0.10615304888236568	0.141735753445641	0.13147867462410973	0.10286130164331087	0.676390058781815	0.6994345231004119	0.7134213406591058	0.6959951372279979	0.7755382256005806	0.6789739738347325
TTT	Phe	F	17190	22882	15786	24126	22481	16443	83006	108097	53481	115423	100712	53792	2826.2606628864273	4034.0125906586204	1829.9083458352459	3702.3621264955336	3080.870552342776	1806.0034865064742	4.828737638161722	4.724106284415698	3.387875332573166	4.784174749233192	4.479871891819759	3.271422489813294	0.7297372152884687	0.7623210194194713	0.7790599226275254	0.7535643765867572	0.8083616778916132	0.7250010561839324	0.16441306939420752	0.17629632858397956	0.11591969756969757	0.1534594266142557	0.13704330556215363	0.1098341839388478	0.7297372152884687	0.7623210194194713	0.7790599226275254	0.7535643765867572	0.8083616778916132	0.7250010561839324
GGC	Gly	G	7593	9463	7009	9685	9303	7395	39284	47252	25132	48041	43069	26648	1215.90342191121	1604.4902832035161	767.3993238140977	1409.6481934872384	1204.6393936965446	800.5490415446164	5.1737126300539975	4.993342491810208	3.585675559994293	4.960351058337635	4.6295818553154895	3.6035158891142665	0.7107483149010994	0.7331669473611628	0.7358325178140589	0.7147232379865412	0.7638040052749873	0.7145800303191254	0.1601347849217977	0.16955408255347312	0.10948770492425419	0.14554963278133592	0.12948934684473232	0.10825544848473515	0.7107483149010994	0.7331669473611628	0.7358325178140589	0.7147232379865412	0.7638040052749873	0.7145800303191254
GGG	Gly	G	4282	5725	3927	6087	5397	4306	15542	19875	10353	22423	18106	11200	693.3520944042857	1002.7593096816767	468.65567313116907	954.3401859282654	715.087739805735	488.2398834715862	3.629612330686595	3.4716157205240177	2.6363636363636362	3.6837522589124365	3.354826755604966	2.601021830004645	0.7186829249974629	0.7573834977835228	0.8020595260711683	0.7698864898497825	0.7815464688485039	0.7484457721417613	0.16192248818409288	0.17515446457321862	0.11934190810572169	0.15678333923579194	0.13249726511130908	0.11338594599897497	0.7186829249974629	0.7573834977835228	0.8020595260711683	0.7698864898497825	0.7815464688485039	0.7484457721417613
GGT	Gly	G	23975	28388	22415	29602	27887	23417	499027	584817	314989	557435	499087	306859	3547.806447114769	4433.497961519954	2230.0280974088982	4281.480529523035	3576.8771358424406	2307.8436415256865	20.814473409801877	20.600852472875864	14.052598706223511	18.83099114924667	17.89676193208305	13.104112396976555	0.6567974540142039	0.6753149173519502	0.6686290104323577	0.7102311362433997	0.7565717432728101	0.6505433433857757	0.14797941385254512	0.15617507261941502	0.09948820421186251	0.14463483985957148	0.12826324580781154	0.09855419744312621	0.6567974540142039	0.6753149173519502	0.6686290104323577	0.7102311362433997	0.7565717432728101	0.6505433433857757
GGA	Gly	G	7113	9520	6362	10322	9207	6926	25698	32982	15894	37311	30115	17129	1252.3261871387876	1745.7413323256221	746.3743963354729	1693.6928382162814	1252.097745439432	792.2905099998444	3.6128215942640236	3.464495798319328	2.498270983967306	3.614706452237938	3.270880851526013	2.4731446722494947	0.7814385126363246	0.7929349720620251	0.7884546016075016	0.805744936510645	0.8021728917588777	0.7550975800794265	0.17606160370290844	0.18337619037033845	0.11731757251422081	0.1640857235241505	0.1359941072487707	0.11439366300892931	0.7814385126363246	0.7929349720620251	0.7884546016075016	0.805744936510645	0.8021728917588777	0.7550975800794265
CAT	HIS	H	10418	13345	9371	13874	13101	9683	66827	82372	40535	76087	73120	38790	1908.0841340334614	2608.9239610077116	1171.0546189447368	2257.8599864380444	1941.8183018982204	1143.9056029256599	6.41457093492033	6.172499063319595	4.325578913669832	5.484143001297391	5.581253339439737	4.005989879169679	0.8129116080099135	0.845351777033364	0.8398560160843208	0.799138594641345	0.8742830015042514	0.7797966533670072	0.18315263333014603	0.19549823611897427	0.12496581143365029	0.1627403767073695	0.14821909029068167	0.11813545419040172	0.8129116080099135	0.845351777033364	0.8398560160843208	0.799138594641345	0.8742830015042514	0.7797966533670072
CAC	HIS	H	6544	8086	6029	8127	8031	6309	130345	152320	80491	127922	131879	76388	1180.489349539321	1551.1169055339287	791.168701737817	1299.1023637428996	1209.671058727545	789.8274002210248	19.918245721271393	18.837496908236457	13.35063858019572	15.740371600836717	16.421242684597186	12.107782532889523	0.8006614899769781	0.8294790485182252	0.8819367473512459	0.7849462189602533	0.8884757026900969	0.8263666468110455	0.18039262676334367	0.19182746791169042	0.13122718555943225	0.15985017395630607	0.15062520965353568	0.1251905849137779	0.8006614899769781	0.8294790485182252	0.8819367473512459	0.7849462189602533	0.8884757026900969	0.8263666468110455
ATA	Ile	I	9738	13404	8861	14056	13350	9074	28201	36995	19274	39210	35633	18447	1839.122126741698	2653.5571127830312	1161.8867257832674	2314.2536442782175	1954.3618853245687	1091.341007679441	2.8959745327582667	2.7599970158161744	2.1751495316555696	2.7895560614684123	2.669138576779026	2.0329512893982806	0.8382449721054193	0.8560293334984319	0.8812409652199182	0.8084925016507695	0.8635184272744256	0.7938945326288218	0.18886035394759682	0.1979675554150277	0.13112365712484678	0.16464525073123346	0.14639414871345083	0.1202712153052062	0.8382449721054193	0.8560293334984319	0.8812409652199182	0.8084925016507695	0.8635184272744256	0.7938945326288218
ATC	Ile	I	13906	17239	12418	17418	16954	12639	196927	234823	115664	209847	209857	104572	2036.6817866237075	2702.7829762634233	1219.2783080309912	2295.7955498502597	2146.3737284317904	1160.075908794302	14.161297281748885	13.621613782702013	9.314221291673377	12.047709266276266	12.37802288545476	8.273755835113537	0.6500565108961375	0.6779438599797256	0.6598797723466122	0.6472345795458541	0.7467600159066995	0.6058635228051382	0.14646064911719456	0.15678304868399695	0.09818636721138599	0.1318059220260799	0.1265998424225428	0.0917854188459769	0.6500565108961375	0.6779438599797256	0.6598797723466122	0.6472345795458541	0.7467600159066995	0.6058635228051382
ATT	Ile	I	22068	28301	19736	29255	28018	20122	207379	257465	123495	241841	235399	112175	3378.0714146178234	4682.209527992405	2046.4315449281073	4114.006082695807	3642.074139360142	1938.0656744545856	9.397272068152981	9.097381717960497	6.257346980137819	8.266655272602973	8.401706046113214	5.574744061226518	0.6794163739994368	0.7153913582042299	0.6968699044898395	0.690544412635969	0.7667601654330524	0.6357676953016823	0.15307555803053396	0.1654432538776865	0.10369028906202409	0.14062574201660594	0.12999051107716975	0.09631575760136098	0.6794163739994368	0.7153913582042299	0.6968699044898395	0.690544412635969	0.7667601654330524	0.6357676953016823
AAA	Lys	K	27250	36644	24274	42509	37894	27081	127690	169395	81470	209402	175053	88546	4430.422043536404	6522.977605597293	2666.314414148404	7195.9781142803	5364.746565755419	2979.6964354223555	4.685871559633028	4.622721318633337	3.356265963582434	4.926062716130701	4.619543991133161	3.2696724640892136	0.7216203142990264	0.7697286286657189	0.7382163111924344	0.8312578007441969	0.835077246996241	0.7262872762865419	0.16258429517564785	0.1780094314375421	0.10984239985780687	0.16928128429933192	0.14157245383848155	0.11002904011751248	0.7216203142990264	0.7697286286657189	0.7382163111924344	0.8312578007441969	0.835077246996241	0.7262872762865419
AAG	Lys	K	26650	33182	23886	35826	32883	25612	502841	609057	292798	617468	548188	291185	4109.270229095424	5513.330650322659	2404.9443556521305	5606.8329495218995	4441.848236061237	2495.3849372326363	18.868330206378985	18.355041890181425	12.258142845181277	17.235192318427956	16.67086336404829	11.369084803998126	0.6843805308404443	0.7184658113225701	0.6766673603015742	0.7685039143736632	0.796783211337703	0.6431246677638435	0.15419400484410598	0.16615425984939602	0.10068426507795908	0.15650178500312342	0.13508038305693632	0.09743030365581119	0.6843805308404443	0.7184658113225701	0.6766673603015742	0.7685039143736632	0.796783211337703	0.6431246677638435
CTG	Leu	L	8215	10346	7143	10646	10013	7701	30146	37585	18933	38074	34600	19632	1515.9427033712739	2049.601490136934	916.0413412642652	1749.7261909288322	1475.2790315875682	935.8408947040899	3.669628727936701	3.6328049487724723	2.650566988660227	3.576366710501597	3.4555078398082495	2.5492793143747567	0.8190404995843599	0.8566266486839632	0.8618824704893309	0.8070685415283355	0.869076175966189	0.8021507751074807	0.1845335001060589	0.19810569206813589	0.12824322291253887	0.16435526873274772	0.14733636588310878	0.12152199645553693	0.8190404995843599	0.8566266486839632	0.8618824704893309	0.8070685415283355	0.869076175966189	0.8021507751074807
TTA	Leu	L	19200	25350	18080	26293	24594	18000	116250	150523	76793	147945	135012	71321	3251.956946665055	4732.453262436661	2146.2205650199326	4201.88332434576	3506.547406549716	2019.9738031521963	6.0546875	5.937790927021696	4.247400442477876	5.626782793899517	5.489631617467675	3.9622777777777776	0.7517504840732857	0.8072405999675826	0.7977917662945369	0.784748756443121	0.8410047276371203	0.7407545772030899	0.16937275763880494	0.1866845468416829	0.11870688965818212	0.15980996175201614	0.1425773524660371	0.11222076684178868	0.7517504840732857	0.8072405999675826	0.7977917662945369	0.784748756443121	0.8410047276371203	0.7407545772030899
CTA	Leu	L	10337	12874	9467	13364	12637	9771	59066	71079	38434	70032	65205	36823	1848.4538673569273	2447.608430740204	1186.8762144260036	2189.245297899195	1826.6807108923497	1174.7879838209835	5.714036954629003	5.521127854590648	4.059786627231436	5.240347201436696	5.15984806520535	3.7686009620304985	0.7936778456551836	0.8220969978765972	0.8425713221317971	0.8044234960610124	0.8526416601023802	0.7936364286363095	0.17881918035764024	0.1901202758070688	0.12536983357198728	0.16381661911846715	0.14455018682379914	0.12023211378783989	0.7936778456551836	0.8220969978765972	0.8425713221317971	0.8044234960610124	0.8526416601023802	0.7936364286363095
CTC	Leu	L	3675	4761	3315	4715	4611	3433	12596	15396	8192	14940	14525	8166	740.4084218890922	995.1901068189175	468.36571762166295	813.8479846903844	735.5060447088131	455.95283022346456	3.427482993197279	3.2337744171392564	2.471191553544495	3.168610816542948	3.150075905443505	2.3786775415088846	0.8942195583674845	0.9038627636611235	0.9495442108183876	0.8475949956933349	0.940890351987166	0.8766923644184644	0.20147167942560332	0.20902963806320468	0.14128679264605218	0.17260826822701683	0.1595111786399508	0.13281468984079947	0.8942195583674845	0.9038627636611235	0.9495442108183876	0.8475949956933349	0.940890351987166	0.8766923644184644
TTG	Leu	L	24462	30220	22191	31323	29512	22870	414623	506587	248555	483501	443600	232931	3824.9373764838897	5156.673082335877	2336.9083992714213	4741.467790999037	3989.802544303798	2294.435154152914	16.949677050118552	16.763302448709464	11.200712000360506	15.435973565750407	15.031173759826512	10.185002186270223	0.6940048813890721	0.7378528615556239	0.7077476566462172	0.7433207267631601	0.7974448393999588	0.6622328729288506	0.15636241421322417	0.17063775917722954	0.10530883688303462	0.15137336114034533	0.13519255029492402	0.10032510512255854	0.6940048813890721	0.7378528615556239	0.7077476566462172	0.7433207267631601	0.7974448393999588	0.6622328729288506
CTT	Leu	L	8553	11028	7534	11192	10836	7655	34119	42418	21653	42611	39755	21309	1603.0028558427757	2185.2928554903583	970.4194409971972	1841.8175277413836	1619.9197252677804	942.4475808532102	3.9891266222378112	3.84639100471527	2.8740376957791347	3.8072730521801286	3.6687892211148023	2.7836708033964728	0.8318518406768038	0.8568553546313425	0.8656602915129191	0.8081010829197149	0.8818046578532482	0.81266792797825	0.1874199527467293	0.19815858319644164	0.12880534125261445	0.16456554036288273	0.14949425297783134	0.12311529469016462	0.8318518406768038	0.8568553546313425	0.8656602915129191	0.8081010829197149	0.8818046578532482	0.81266792797825
ATG	Met	M	15095	19045	13560	19653	18257	14014	135479	166095	85066	156149	142123	82397	2655.560411058156	3590.8420771586493	1616.6188518597503	3187.1800123907883	2583.782511176993	1581.9594783014481	8.975091089764822	8.721186663166185	6.273303834808259	7.945300971861802	7.784575779153202	5.87962037962038	0.7808241302469039	0.815285944506456	0.8012380648853199	0.7963509961123256	0.8347846024004747	0.7451339536192979	0.17592318059345188	0.18854513400675502	0.11921967934068955	0.1621726969109443	0.1415228411665111	0.11288422137158899	0.7808241302469039	0.815285944506456	0.8012380648853199	0.7963509961123256	0.8347846024004747	0.7451339536192979
AAC	Asn	N	18683	23665	17090	24508	22709	17761	265723	323687	166842	289502	273107	156441	2996.113986546033	4058.404315587502	1886.0583896728606	3577.9425416392614	3008.7226007805048	1883.1920515238369	14.222715837927527	13.677878723853793	9.76255119953189	11.812551003753876	12.026377207274649	8.80811891222341	0.7117736004587829	0.7415551048552813	0.7416972948278946	0.7168895980206553	0.7815054827478977	0.699887617262365	0.16036578635904475	0.17149394952831193	0.11036035047822473	0.14599080062180764	0.13249031664892794	0.10602961835053414	0.7117736004587829	0.7415551048552813	0.7416972948278946	0.7168895980206553	0.7815054827478977	0.699887617262365
AAT	Asn	N	22018	30445	20027	32152	28847	20385	84254	111541	55187	119133	100429	53137	3761.250368421167	5601.889179435072	2397.4709625506866	5082.331793142366	3945.8662976065734	2294.494789649362	3.826596421110001	3.6636886188208244	2.755629899635492	3.7053060462801692	3.481436544528027	2.606671572234486	0.7582013158186719	0.7956336841856178	0.804546374273682	0.7762146038579044	0.8068440526002493	0.7429805960255381	0.17082615897997852	0.1840003015087887	0.11971193701256737	0.15807202641025025	0.1367860192604629	0.11255799802057208	0.7582013158186719	0.7956336841856178	0.804546374273682	0.7762146038579044	0.8068440526002493	0.7429805960255381
CCC	Pro	P	4560	5917	4228	5880	5634	4681	16752	20171	11249	19949	18855	12035	825.9859664097279	1085.8607084810842	536.8437728607396	894.2696292762904	802.6041781250344	580.7480178469212	3.6736842105263157	3.4089910427581547	2.660596026490066	3.392687074829932	3.3466453674121404	2.5710318308053837	0.8039665576210365	0.7935369902394308	0.8533487668230949	0.7468234466552198	0.8402963260626506	0.8189364597642927	0.18113727333546664	0.18351541464949878	0.1269734562111494	0.1520866716456276	0.14245725561324715	0.12406494720079497	0.8039665576210365	0.7935369902394308	0.8533487668230949	0.7468234466552198	0.8402963260626506	0.8189364597642927
CCG	Pro	P	3526	4558	3020	4595	4269	3383	10507	12965	6691	13372	11890	7552	717.7028050387208	954.1418465330677	413.09459274711793	778.8376578728055	663.2860408988101	469.3018140226622	2.979863868406126	2.844449319877139	2.2155629139072848	2.910119695321001	2.785195596158351	2.2323381613952114	0.903425809502031	0.9051764559083113	0.9192977375764032	0.8323159455959727	0.9164791599198309	0.9156960626480344	0.20354588912045402	0.2093334459265177	0.1367862889891119	0.16949676993967475	0.15537269639231907	0.13872356311636483	0.903425809502031	0.9051764559083113	0.9192977375764032	0.8323159455959727	0.9164791599198309	0.9156960626480344
CCA	Pro	P	14795	18182	13638	18679	17732	14648	243755	288457	155948	265827	256467	156265	2357.00303775728	3045.618944136529	1466.7622494611678	2737.914491353022	2416.1355534954205	1585.7457865754432	16.47549847921595	15.864976350236498	11.434814488927996	14.231329300283742	14.463512294157455	10.668009284543965	0.7070910344390221	0.7243167664689244	0.7228075191437914	0.7197688491781241	0.8037323789982411	0.7145890326872554	0.1593107832211747	0.16750736685384057	0.10754965900140546	0.1465771449945405	0.13625849049714756	0.10825681230034429	0.7070910344390221	0.7243167664689244	0.7228075191437914	0.7197688491781241	0.8037323789982411	0.7145890326872554
CCT	Pro	P	10261	12867	9338	13410	12562	10109	56402	66733	36377	67160	62095	38879	1877.4851306995097	2416.5367307796682	1154.8283569094103	2115.2193481516224	1832.490994398457	1254.0326110213102	5.496735210993081	5.186368228802363	3.8955879203255517	5.008202833706189	4.9430823117338	3.845978830744881	0.8121139609214187	0.8121022735605634	0.8311457603199	0.774557067623772	0.8604605248942646	0.8188450830572598	0.18297291986156414	0.18780887003805613	0.12366977478147466	0.15773447786365566	0.1458757359018036	0.12405110406779209	0.8121139609214187	0.8121022735605634	0.8311457603199	0.774557067623772	0.8604605248942646	0.8188450830572598
CAA	Gln	Q	22983	28940	20474	31302	28785	21963	278039	336267	169282	347447	317506	170670	4082.629170572843	5662.33908570481	2393.0514423990817	5566.7877795831355	4499.825641634036	2605.7701170067517	12.097593873732759	11.61945404284727	8.268144964345023	11.09983387642962	11.03025881535522	7.7707963392979105	0.7884304251110551	0.8460420971402937	0.7855303325716211	0.8732917686865678	0.9220985593856428	0.783151076731821	0.17763691296057274	0.19565788133050482	0.11688245786847132	0.17784128105498484	0.15632536535119113	0.11864363324713162	0.7884304251110551	0.8460420971402937	0.7855303325716211	0.8732917686865678	0.9220985593856428	0.783151076731821
CAG	Gln	Q	9701	12318	8435	12706	11733	9121	35868	43861	22236	46347	39554	23487	1946.52352184264	2565.6743830727605	1119.7201848785762	2278.118424754699	1821.5278972484346	1179.6587910632682	3.697350788578497	3.560724143529794	2.636158861885003	3.6476467810483237	3.3711753174806103	2.5750465957680078	0.8905807619717616	0.900649816468962	0.8921503377951905	0.8804287871273245	0.9157451927052884	0.8537192308487068	0.20065184226807958	0.2082866035941517	0.13274690988483417	0.1792946973677553	0.1552482653412115	0.12933437025142727	0.8905807619717616	0.900649816468962	0.8921503377951905	0.8804287871273245	0.9157451927052884	0.8537192308487068
AGG	Arg	R	5746	7690	5085	8503	7594	5655	19029	24399	12459	28390	23435	13696	1008.7563797225193	1436.4260324514532	630.9290667165434	1403.5073346295503	1074.7623984603854	672.6927584294169	3.311695092238079	3.1728218465539664	2.450147492625369	3.33882159237916	3.085988938635765	2.4219274977895666	0.779203385122092	0.8077027361323481	0.8338793177943563	0.8105303772740163	0.8348140740785975	0.7852089748661383	0.1755580194435293	0.18679142164518248	0.1240765126286221	0.16506025339639543	0.14152783756391696	0.11895539494773066	0.779203385122092	0.8077027361323481	0.8338793177943563	0.8105303772740163	0.8348140740785975	0.7852089748661383
AGA	Arg	R	16414	20511	14897	22660	20388	16052	287064	349135	170649	354155	308782	167866	2438.749132146737	3283.803115316225	1451.7714768693254	3448.1361131479293	2632.2587818987413	1558.1493527517634	17.488972828073596	17.02184193847204	11.455259448211049	15.629082082965578	15.145281538159702	10.45763767754797	0.6594514942372534	0.6922849694432717	0.6549574186878517	0.7472248113861506	0.7615560094994464	0.6407388305008649	0.14857738102514542	0.16009961071211667	0.09745394890711723	0.1521684074646041	0.12910823925342071	0.09706886074954918	0.6594514942372534	0.6922849694432717	0.6549574186878517	0.7472248113861506	0.7615560094994464	0.6407388305008649
CGT	Arg	R	5420	6561	4872	6979	6745	5146	59207	70572	35867	66295	65289	34687	851.3585473847016	1065.6414290596697	512.3738957989149	1035.3968236999199	912.5537290979231	528.3221302738644	10.92380073800738	10.75628715134888	7.361863711001642	9.499211921478722	9.679614529280949	6.740575204041974	0.6971775148283968	0.702321049691407	0.7067947903838059	0.728518221392516	0.7980394879843034	0.6776885258167498	0.1570772227647051	0.16242058056083977	0.10516705578795461	0.14835890868318097	0.1352933623569938	0.10266656243176533	0.6971775148283968	0.702321049691407	0.7067947903838059	0.728518221392516	0.7980394879843034	0.6776885258167498
CGA	Arg	R	1492	2047	1274	2318	2034	1465	3819	4778	2308	5906	4854	2748	336.15429554211187	473.39450889892197	189.5639737258086	472.0485229185872	344.82842412872935	221.94047594544466	2.559651474530831	2.3341475329750856	1.8116169544740974	2.547886108714409	2.3864306784660765	1.8757679180887372	1.0	1.0	1.0	1.0	1.0	1.0	0.22530448762876132	0.23126258373176453	0.14879432788525007	0.2036447467293301	0.16953216525502918	0.15149520542351172	1.0	1.0	1.0	1.0	1.0	1.0
CGC	Arg	R	1584	2075	1402	2202	2037	1616	5499	6765	3546	7161	6606	4068	281.9637200345325	377.4280252424594	168.13779249149567	354.95099517228317	296.9818445749964	202.33023287753355	3.471590909090909	3.2602409638554217	2.529243937232525	3.2520435967302452	3.2430044182621502	2.517326732673267	0.7900748044797321	0.7865216295611678	0.8059924090242756	0.7915491230918333	0.8599768540249337	0.8264575217292339	0.17800739901169982	0.18189302421323345	0.11992709878138065	0.16119482069585975	0.14579373813205518	0.1252043520281767	0.7900748044797321	0.7865216295611678	0.8059924090242756	0.7915491230918333	0.8599768540249337	0.8264575217292339
CGG	Arg	R	872	1217	750	1276	1163	840	3035	3860	1999	4556	3720	2054	172.11203904293617	257.74396710712006	107.21372226542375	224.62299378730089	177.02022718469638	114.50797416400107	3.4805045871559632	3.171733771569433	2.6653333333333333	3.5705329153605017	3.1986242476354256	2.4452380952380954	0.876041989399789	0.9157829574333712	0.9607330583023013	0.8644309849096592	0.8978237100334522	0.8998239678993143	0.1973761915630002	0.21178633287355797	0.14295162968723168	0.17603682898691292	0.15220999757927461	0.13631901686190603	0.876041989399789	0.9157829574333712	0.9607330583023013	0.8644309849096592	0.8978237100334522	0.8998239678993143
AGT	Ser	S	9571	12381	8425	13047	12304	8925	40298	49751	25461	52254	48017	26259	1684.1746847308777	2324.907073005381	1042.1739664190736	2104.7333762605053	1751.4823803994911	1050.909244862848	4.2104273325671295	4.018334544867135	3.0220771513353117	4.005058634168774	3.9025520156046816	2.94218487394958	0.7810160822661136	0.8119784473337976	0.8313500643053662	0.7921605568037415	0.8396674954743814	0.7772452908292771	0.17596642824478922	0.18778023366492053	0.12370017405567639	0.16131933595926307	0.14235064860203928	0.11774893499863844	0.7810160822661136	0.8119784473337976	0.8313500643053662	0.7921605568037415	0.8396674954743814	0.7772452908292771
AGC	Ser	S	6556	8170	5701	8413	8027	6108	32087	37802	20702	35992	35160	20687	1213.6948755953613	1568.0045462623968	716.5163407999513	1331.7729687387928	1150.4361306229407	733.0179300764607	4.894295302013423	4.626927784577723	3.631292755656902	4.278140972304766	4.380216768406628	3.3868696791093647	0.8216762445310787	0.8298887696738453	0.8446731364379149	0.7773311926510336	0.8453900673258514	0.7921668805288843	0.18512734527079946	0.19192222108474868	0.12568257161900567	0.15829941385222784	0.1433208085988465	0.1200094842954258	0.8216762445310787	0.8298887696738453	0.8446731364379149	0.7773311926510336	0.8453900673258514	0.7921668805288843
TCT	Ser	S	19049	23776	17198	24195	23268	17611	252704	305268	153741	272506	264913	140650	3188.101169101531	4243.161944321387	1949.4387261712382	3652.0179807387663	3257.9446652040415	1893.1181436728207	13.265998215129404	12.839333781965006	8.939469705779741	11.262905558999794	11.38529310641224	7.986485719152802	0.7428310874270104	0.7716945655672756	0.7618075431680433	0.7411977107203147	0.8259096486474861	0.7095692921366306	0.1673631775474582	0.1784640790848497	0.11335264136360264	0.15094102007599777	0.1400182510402287	0.10749634567445464	0.7428310874270104	0.7716945655672756	0.7618075431680433	0.7411977107203147	0.8259096486474861	0.7095692921366306
TCG	Ser	S	6136	8051	5428	8131	7498	5464	21853	27475	13732	27357	24204	12983	1154.96284028961	1624.8102191499008	709.9783815501397	1316.046189146555	1099.4700837686091	665.0798071826647	3.5614406779661016	3.412619550366414	2.529845246868091	3.364530808018694	3.228060816217658	2.3760980966325036	0.8354352936256723	0.8726647664730968	0.879060791767413	0.7947928645608585	0.864939780870456	0.8034598571088106	0.18822732077731585	0.2018147086262453	0.13079925968130798	0.1618553916057748	0.14663511386617886	0.12172031610224464	0.8354352936256723	0.8726647664730968	0.879060791767413	0.7947928645608585	0.864939780870456	0.8034598571088106
TCC	Ser	S	11602	14318	10663	14356	13982	11063	159606	188944	98062	165589	163734	94874	1811.2045162535778	2407.9185860490893	1137.4782109729274	1977.397065635605	1844.9142362360046	1152.709709866118	13.756766074814687	13.196256460399496	9.196473787864578	11.534480356645306	11.71034186811615	8.575793184488838	0.6928907908150527	0.7272003302742108	0.716930903299077	0.6763744974990135	0.7783138799855059	0.6877777954289643	0.15611140460727269	0.1681742272698065	0.10667525189655139	0.13774011323736451	0.13194923732198574	0.10419503840424098	0.6928907908150527	0.7272003302742108	0.716930903299077	0.6763744974990135	0.7783138799855059	0.6877777954289643
TCA	Ser	S	12651	16413	11141	16882	15965	11378	48257	60190	30409	60608	55021	28417	2392.9886487828426	3275.2717577108274	1413.2467736130766	2768.998688685503	2361.4776506073517	1375.0029581708584	3.814481068690222	3.6672150124900993	2.729467731801454	3.5900959601942897	3.446351393673661	2.497539110564247	0.8395487912449873	0.8628871418064191	0.8525256459069618	0.8054259958535388	0.8724947210682836	0.7976985722402199	0.18915411025079776	0.19955350988306997	0.12685098048766508	0.1640207729348124	0.14791591923628886	0.12084750906757412	0.8395487912449873	0.8628871418064191	0.8525256459069618	0.8054259958535388	0.8724947210682836	0.7976985722402199
ACG	Thr	T	5463	7140	4741	7366	6623	5059	18443	23090	11508	23553	20029	11725	988.1026147110866	1404.5204465835645	601.127490812815	1161.8563493558988	913.1397832168672	609.0591708905465	3.375983891634633	3.2338935574229692	2.427336005062223	3.1975291881618246	3.024158236448739	2.317651709824076	0.8027882473718488	0.8505982419046043	0.8521386391641415	0.7745465248970216	0.8132618506537789	0.7946866534252096	0.1808717947485057	0.19671154714055525	0.12679339607948006	0.15773233089273675	0.1378740424606473	0.1203912178079752	0.8027882473718488	0.8505982419046043	0.8521386391641415	0.7745465248970216	0.8132618506537789	0.7946866534252096
ACA	Thr	T	12471	16154	11405	16441	15577	11768	50963	63574	33240	63378	58668	32503	2314.2795000262763	3163.5264309218687	1458.9766484408867	2625.191924457562	2281.541599899078	1438.219470265986	4.086520728089167	3.9354958524204533	2.9145111793073215	3.854875007602944	3.7663221416190535	2.761981645139361	0.8236537632157485	0.8468100728863392	0.8597390937323752	0.7840786327591805	0.863957667002836	0.8067214707499962	0.1855728891048253	0.19583548538577866	0.12792430060858279	0.15967349458412275	0.14646861397567426	0.12221443493082818	0.8236537632157485	0.8468100728863392	0.8597390937323752	0.7840786327591805	0.863957667002836	0.8067214707499962
ACC	Thr	T	10651	13171	10035	13020	12658	10350	206039	244247	123594	207171	205359	117646	1698.356821886242	2254.8326917568825	1090.1605019905799	1832.020303538607	1708.5894176417207	1056.6617242217294	19.34456858510938	18.54430187533217	12.316292974588938	15.911751152073732	16.223653025754462	11.366763285024154	0.707731805452485	0.7402700853095722	0.7301072988211956	0.6909491499003445	0.7961969544158668	0.6739019887081868	0.15945515180605033	0.1711967725880254	0.10863582481221523	0.1407081646343016	0.13498099365158167	0.10209292021465985	0.707731805452485	0.7402700853095722	0.7301072988211956	0.6909491499003445	0.7961969544158668	0.6739019887081868
ACT	Thr	T	16963	20655	15445	21313	20178	15806	231691	276798	139981	245799	236258	130912	2835.490625136831	3712.506316450339	1717.960590621863	3230.2544173702045	2828.063622796174	1730.1652732760772	13.658609915698873	13.401016702977488	9.063191971511817	11.532820344390748	11.708692635543661	8.282424395799064	0.7419176646832266	0.7772068658858569	0.747547697929691	0.7442501531903386	0.826720960929828	0.7225480361047636	0.1671573793041815	0.17973886789883026	0.11123085727561431	0.15156263394971164	0.14015579456815214	0.10946256315804613	0.7419176646832266	0.7772068658858569	0.747547697929691	0.7442501531903386	0.826720960929828	0.7225480361047636
GTG	Val	V	7418	9460	6733	9846	8971	7220	33324	40685	21359	41310	35883	21520	1148.4368996004334	1540.4299947018317	743.1286682991686	1376.86495923146	1112.6303761826618	758.0643577623432	4.492315988136964	4.300739957716702	3.1722857567206297	4.195612431444241	3.999888529706833	2.9806094182825484	0.6871482850540516	0.7041180161192115	0.741769590895623	0.6866861761394565	0.7315734688628246	0.6930586556087246	0.15481759228908512	0.16283615165981308	0.11037110772303113	0.13984003242245177	0.12402523421944732	0.1049950634019866	0.6871482850540516	0.7041180161192115	0.741769590895623	0.6866861761394565	0.7315734688628246	0.6930586556087246
GTC	Val	V	9966	12202	9389	12392	11750	9777	220899	263092	137769	231852	213859	132316	1361.3681572639748	1806.1869749861276	890.1387350877909	1598.1051540037317	1396.580397644396	905.3638914951025	22.165261890427452	21.561383379773808	14.673447651507082	18.709812782440284	18.20076595744681	13.533394701851284	0.6062962236043588	0.6400682899535785	0.6371651077221989	0.6332726558586965	0.7010935417695072	0.6112497099764106	0.13660126001043296	0.14802384649943678	0.09480655395545755	0.12896264961295448	0.11885790618250179	0.09260140037793828	0.6062962236043588	0.6400682899535785	0.6371651077221989	0.6332726558586965	0.7010935417695072	0.6112497099764106
GTA	Val	V	6878	9124	6234	9638	8794	6601	22824	29313	15077	30386	26442	15180	1130.0228255389382	1610.7264121059673	734.3153805523409	1399.4754664280729	1136.2122279841294	722.6683520983867	3.3184065135213725	3.2127356422621656	2.4185113891562398	3.1527287819049596	3.0068228337502845	2.299651567944251	0.7292143431866286	0.7633630424614926	0.7916431365636211	0.71302565472419	0.7621156654760388	0.7226540066932656	0.16429526396320707	0.17653730952498545	0.11779200842995523	0.14520392886782246	0.12920311894293035	0.10947861719412008	0.7292143431866286	0.7633630424614926	0.7916431365636211	0.71302565472419	0.7621156654760388	0.7226540066932656
GTT	Val	V	17755	21963	16484	22765	21323	17011	259567	319683	158300	282960	262083	147811	2597.677001893477	3478.5692349125725	1608.3814329487152	3086.602219073103	2623.8655869515956	1622.9881062439833	14.619374823993242	14.555525201475207	9.603251637951953	12.429606852624643	12.291094123716174	8.689142319675504	0.6493736031051953	0.6848628624625258	0.6557526723777	0.6657938788499426	0.7258404512621369	0.6297767222932384	0.14630678692725865	0.15838315507501582	0.09757227814539646	0.13558542583233485	0.12305330333215755	0.09540815391476005	0.6493736031051953	0.6848628624625258	0.6557526723777	0.6657938788499426	0.7258404512621369	0.6297767222932384
TGG	Trp	W	7816	9953	7200	10325	9747	7727	77800	97136	52476	94252	85206	52214	1239.3700552111313	1711.161627949781	790.7404184977942	1566.9071074759477	1329.4427821196005	843.4499480686519	9.953940634595702	9.759469506681402	7.288333333333333	9.128523002421307	8.741766697445367	6.75734437686036	0.703795694993669	0.7434155745887885	0.738099762844391	0.7452122387742987	0.8045380259739239	0.7205257650710466	0.15856832845587657	0.17192420656583754	0.10982505812469363	0.15175855762478913	0.13639507357336622	0.10915619879237115	0.703795694993669	0.7434155745887885	0.738099762844391	0.7452122387742987	0.8045380259739239	0.7205257650710466
TAC	Tyr	Y	11678	14548	11024	14964	14171	11537	171582	204225	111853	189756	178697	107782	1751.3047814557826	2328.8526966885697	1179.0066055454988	2088.354430522696	1852.520707955947	1185.8038164423315	14.69275560883713	14.03801209788287	10.146317126269956	12.680834001603849	12.61004869098864	9.342290023402965	0.6656154903045692	0.6922028034438727	0.7187711841510945	0.6853040479028258	0.7710995762485323	0.6784550240003376	0.1499661570008377	0.16008060879080077	0.10694907524904743	0.13955856926775567	0.13072618078864914	0.10278268323154473	0.6656154903045692	0.6922028034438727	0.7187711841510945	0.6853040479028258	0.7710995762485323	0.6784550240003376
TAT	Tyr	Y	11858	16032	11174	17078	15717	11421	51814	66845	34853	71591	63822	33236	1885.9564619427324	2748.260173794071	1266.8498138399289	2521.370529245517	2075.774019190746	1222.717299343749	4.369539551357733	4.169473552894211	3.119115804546268	4.192001405316782	4.060698606604314	2.91007792662639	0.7059116909711091	0.7412501030987826	0.761956343302438	0.7249807108651143	0.7790374038739732	0.7066803848706968	0.15904507184539823	0.1714234140340613	0.11337478197958913	0.1476385132477759	0.13207189789341134	0.10705869007475255	0.7059116909711091	0.7412501030987826	0.761956343302438	0.7249807108651143	0.7790374038739732	0.7066803848706968
