Codon	AA	Abbr	SRR1944912	SRR1944913	SRR1944914	SRR1944915	SRR1944916	SRR1944917	SRR1944912_count	SRR1944913_count	SRR1944914_count	SRR1944915_count	SRR1944916_count	SRR1944917_count	SRR1944912_norm	SRR1944913_norm	SRR1944914_norm	SRR1944915_norm	SRR1944916_norm	SRR1944917_norm	SRR1944912_absolute_cdt	SRR1944913_absolute_cdt	SRR1944914_absolute_cdt	SRR1944915_absolute_cdt	SRR1944916_absolute_cdt	SRR1944917_absolute_cdt	SRR1944912_relative_cdt	SRR1944913_relative_cdt	SRR1944914_relative_cdt	SRR1944915_relative_cdt	SRR1944916_relative_cdt	SRR1944917_relative_cdt	SRR1944912_norm_cdt	SRR1944913_norm_cdt	SRR1944914_norm_cdt	SRR1944915_norm_cdt	SRR1944916_norm_cdt	SRR1944917_norm_cdt	SRR1944912_norm_relative_cdt	SRR1944913_norm_relative_cdt	SRR1944914_norm_relative_cdt	SRR1944915_norm_relative_cdt	SRR1944916_norm_relative_cdt	SRR1944917_norm_relative_cdt
GCC	Ala	A	11355	13546	10958	13476	13221	11458	149210	169377	99831	148999	144291	99092	1571.8561047359485	1973.42940343437	1081.8380234815374	1706.7230464298116	1578.614728392228	1101.121829812557	13.140466754733598	12.50383877159309	9.110330352254062	11.056619174829326	10.913773542092127	8.648280677256066	0.5258820393023341	0.526148074391013	0.5343885284195938	0.5732473021993154	0.588257826808756	0.5716653585537202	0.1384285429093746	0.1456835525937081	0.09872586452651373	0.12664908329102192	0.11940206704426504	0.09610070080402837	0.5258820393023341	0.526148074391013	0.5343885284195938	0.5732473021993154	0.588257826808756	0.5716653585537202
GCA	Ala	A	9493	12363	8494	12764	12263	9046	31481	38169	20481	40565	37207	21577	1326.669091659157	1746.3810004985098	819.4859920482689	1551.6322433985433	1346.0789861849184	859.8934942143921	3.316233013799642	3.0873574375151662	2.411231457499411	3.1780789721090565	3.0340862757889586	2.385253150563785	0.5309111192303	0.5101672672155573	0.522222354947746	0.5502270905719293	0.540791286244452	0.5654619687570527	0.13975235348774434	0.14125867511918708	0.0964782189837849	0.12156316541825002	0.10976751090148565	0.09505787024258149	0.5309111192303	0.5101672672155573	0.522222354947746	0.5502270905719293	0.540791286244452	0.5654619687570527
GCG	Ala	A	2737	3496	2442	4044	3765	2723	7284	8794	4865	10136	9463	5359	331.037377210753	426.64573384974176	210.44155889588734	429.5302252891502	369.9211784013825	228.52933873666964	2.661308001461454	2.515446224256293	1.9922194922194922	2.506429277942631	2.5134130146082336	1.9680499449136981	0.45947821567940444	0.44075114094731777	0.46645744795686583	0.48075360746739065	0.4840609896098513	0.4992403083991024	0.12094898692391413	0.12203825338951424	0.08617590454377042	0.10621420012095703	0.09825263702559961	0.08392557426980156	0.45947821567940444	0.44075114094731777	0.46645744795686583	0.48075360746739065	0.4840609896098513	0.4992403083991024
GCT	Ala	A	20820	24455	19020	24724	23984	19913	447957	516988	279671	463320	441528	269348	3053.073024766466	3850.8268641031977	1858.0716634112564	3443.855024340973	3076.3246844323385	1946.9829583317303	21.5157060518732	21.140380290329176	14.704048370136698	18.739686134929624	18.40927284856571	13.526239140260131	0.5570820405813114	0.568700732361031	0.5287837845043245	0.6304724222835447	0.6319262901436937	0.5816219359490779	0.14664135565641048	0.157465829650509	0.09769041342856237	0.13929198448232377	0.12826570565511752	0.09777446684737258	0.5570820405813114	0.568700732361031	0.5287837845043245	0.6304724222835447	0.6319262901436937	0.5816219359490779
TGT	Cys	C	6992	8723	6251	8854	8363	6410	96286	119348	53020	107130	97618	48257	1259.7214114862738	1715.6348897261717	757.383743723887	1494.1823817175675	1259.973856201298	725.1494178248437	13.770881006864988	13.681990141006535	8.481842905135178	12.099615992771628	11.672605524333374	7.5283931357254295	0.6844406299442571	0.7103239515032049	0.6558320879473046	0.7638429287067939	0.7422587160438662	0.6729530941297938	0.18016610576176686	0.19667945543117868	0.12116201307373013	0.1687578926719638	0.1506605113238429	0.11312783429404738	0.6844406299442571	0.7103239515032049	0.6558320879473046	0.7638429287067939	0.7422587160438662	0.6729530941297938
TGC	Cys	C	3014	3927	2726	3922	3779	2770	15943	18709	10462	16829	17361	10183	531.235768483202	722.792350156794	335.41075325343303	590.642733125438	531.9185580998168	315.0718557245905	5.289648307896483	4.7641965877259995	3.8378576669112254	4.290922998470168	4.594072505953956	3.676173285198556	0.6695865965196296	0.6647373906660049	0.6660047270875011	0.6816434166656297	0.693464318433072	0.6766205175071822	0.1762560612087598	0.18405713016470435	0.12304136216193434	0.15059733124055022	0.14075643241593458	0.11374435224714458	0.6695865965196296	0.6647373906660049	0.6660047270875011	0.6816434166656297	0.693464318433072	0.6766205175071822
GAC	Asp	D	19574	23526	17406	24101	22869	17820	310912	369876	181071	346936	320730	169953	3568.819370322216	4632.043123352656	2090.602442947643	4118.165087222241	3506.19414285976	2030.8061239548579	15.883927659139674	15.722009691405253	10.402792140641159	14.395087340774241	14.024662206480388	9.537205387205388	0.6926401687817255	0.7110857295213616	0.6501276777647551	0.7734079975061111	0.7553437750118063	0.6779163148204173	0.1823244799388074	0.19689038184785582	0.1201081490835139	0.17087112929846235	0.1533164608360558	0.1139621842847844	0.6926401687817255	0.7110857295213616	0.6501276777647551	0.7734079975061111	0.7553437750118063	0.6779163148204173
GAT	Asp	D	36457	45689	32914	46790	43684	33466	315329	388772	196114	374112	339518	184260	7371.5919544319795	10246.660545973555	4480.037845655141	8950.038871709137	7297.188142348764	4302.92695937441	8.649340318731657	8.509094092670008	5.95837637479492	7.995554605684975	7.772136251259043	5.505886571445647	0.7681447204712922	0.8099685537208768	0.7367619678158566	0.865788564472086	0.8229794943588012	0.7648486220422949	0.2021996311937894	0.22426974864789237	0.13611344247600232	0.1912810188439653	0.1670448709447112	0.12857607599875726	0.7681447204712922	0.8099685537208768	0.7367619678158566	0.865788564472086	0.8229794943588012	0.7648486220422949
GAG	Glu	E	14543	18849	12583	20163	18688	13603	58140	74313	35742	85502	72301	38234	2418.0651212737553	3435.608787423683	1438.7053098456104	3317.770340983934	2611.5690315686893	1512.3085492543264	3.997799628687341	3.942543371001114	2.840499086068505	4.24053960224173	3.8688463184931505	2.81070352128207	0.6316502603076112	0.6582833222113221	0.6188905210415729	0.7447853737022359	0.688485112327252	0.6613342733198454	0.16627003515600325	0.18227008262632943	0.11433722560960108	0.16454745528859466	0.13974577437760538	0.11117463421703495	0.6316502603076112	0.6582833222113221	0.6188905210415729	0.7447853737022359	0.688485112327252	0.6613342733198454
GAA	Glu	E	35525	45681	31526	49880	45714	34140	399030	496227	238007	524984	462479	243257	5219.214736469591	7346.0527885696365	3088.4704877611907	7596.805017584905	5852.227940053524	3333.756880203085	11.232371569317381	10.862875155972942	7.549546406140963	10.52493985565357	10.116791354945969	7.125278265963679	0.5581279475841053	0.5807856859600891	0.530274527587156	0.6893574983184807	0.6307073299195252	0.5808790712598997	0.14691667097732838	0.16081199598453705	0.09796582147310762	0.15230162424989785	0.12801828630296025	0.0976495864148531	0.5581279475841053	0.5807856859600891	0.530274527587156	0.6893574983184807	0.6307073299195252	0.5808790712598997
TTC	Phe	F	14383	17879	12990	17987	17471	13115	184703	223722	108945	201087	191390	100566	1987.1605559387383	2682.3106160400084	1254.7584338425054	2342.022799546491	2088.1519543172544	1186.0293695949088	12.84175763053605	12.513115946081996	8.386836027713626	11.179574136876633	10.95472497281209	7.668013724742661	0.5248632538190318	0.5418303225545864	0.5228500496596032	0.5893487311607898	0.588843932317642	0.5379506911332249	0.13816036681768326	0.1500257629643721	0.09659418274384184	0.13020641571949135	0.11952103224298863	0.09043304381204031	0.5248632538190318	0.5418303225545864	0.5228500496596032	0.5893487311607898	0.588843932317642	0.5379506911332249
TTT	Phe	F	17252	22951	15419	23477	21802	15347	80882	103834	51016	103498	92842	47496	2706.475235852524	3887.143488320118	1679.107522667993	3375.1862302816216	2788.027411294343	1564.8108875105931	4.688268026895432	4.524160167312971	3.3086451780271093	4.408484900115006	4.258416659022108	3.0948068026324362	0.5959739800168021	0.61168301471675	0.589452046849725	0.6507214301333979	0.6300232446876857	0.6065319559525097	0.1568789262608697	0.16936706410701574	0.10889860060107613	0.1437656527785331	0.1278794335975756	0.10196200478989986	0.5959739800168021	0.61168301471675	0.589452046849725	0.6507214301333979	0.6300232446876857	0.6065319559525097
GGC	Gly	G	7572	9620	6908	9907	9291	7553	37687	47081	23870	48633	42344	25678	1224.5701964157186	1601.6811350801565	752.8126940602499	1483.631259915198	1218.776676749801	803.1183567317829	4.977152667723191	4.8940748440748445	3.4554140127388533	4.908953265367922	4.557528791303412	3.39970872500993	0.61437816280298	0.6013100329463108	0.5898760806045895	0.6778346743053877	0.6462752787117457	0.6325216411252766	0.16172348077333842	0.16649492048650275	0.10897693892012882	0.14975585544717857	0.13117820221179646	0.10633104153737362	0.61437816280298	0.6013100329463108	0.5898760806045895	0.6778346743053877	0.6462752787117457	0.6325216411252766
GGG	Gly	G	3932	5236	3714	5372	5088	3863	12765	16566	8783	17933	15665	8884	590.0638387777917	836.3516287367247	399.8435717023195	757.2433608074887	630.3715941259925	397.2869886131437	3.246439471007121	3.1638655462184873	2.364835756596661	3.338235294117647	3.078812893081761	2.2997670204504272	0.5700962470064641	0.5768816582436624	0.5827394235858321	0.6380275606912685	0.610387176524987	0.6117795488752485	0.1500671004012695	0.15973102153107804	0.10765847380245544	0.14096116172886983	0.1238937881536935	0.10284415962028054	0.5700962470064641	0.5768816582436624	0.5827394235858321	0.6380275606912685	0.610387176524987	0.6117795488752485
GGT	Gly	G	26676	31453	24521	32294	30691	25755	603256	729542	365569	679979	619564	360738	4429.509671907673	5710.107136952098	2705.175981299336	5367.417536859167	4470.630203263015	2793.829295231973	22.614185035237668	23.194671414491463	14.908405040577465	21.055892735492662	20.18715584373269	14.0065230052417	0.6308086447972054	0.6556614407965494	0.5971501237426919	0.7522869164702151	0.7176514681285922	0.6452880668163993	0.16604849572303468	0.18154411779328197	0.1103207855021955	0.16620479150489773	0.14566583699661187	0.10847716153104146	0.6308086447972054	0.6556614407965494	0.5971501237426919	0.7522869164702151	0.7176514681285922	0.6452880668163993
GGA	Gly	G	8031	10314	7089	10661	10162	7399	29882	37593	19011	38220	33884	18691	1502.5690917610486	2055.011100071663	899.8198616098697	1756.1352119184805	1469.1169753465088	896.1040745098559	3.7208317768646495	3.6448516579406633	2.681760473973762	3.5850295469468154	3.334382995473332	2.5261521827273956	0.7107674256995241	0.7195889849300121	0.6870633457560752	0.7455898316721308	0.7122509798524879	0.7204448577227709	0.18709613893177046	0.19924482257821047	0.12693184674987582	0.16472518637261802	0.14456966889849526	0.12111151162452438	0.7107674256995241	0.7195889849300121	0.6870633457560752	0.7455898316721308	0.7122509798524879	0.7204448577227709
CAT	HIS	H	11323	14516	10421	14930	14239	10690	73823	91974	46881	89171	84876	45239	2208.1805587999193	3062.9617134346004	1403.7202429035165	2652.6785970641404	2312.6334837879062	1374.200935664389	6.519738585180606	6.336042987048773	4.498704538911813	5.9726054922973875	5.9608118547650815	4.231898971000936	0.7408593486803488	0.7620650958588102	0.7291172079682379	0.8042013438908954	0.8001717016209002	0.7646943050546233	0.19501727093525736	0.2110059047557592	0.13470110765795187	0.17767438694334498	0.16241544236167613	0.12855013429975573	0.7408593486803488	0.7620650958588102	0.7291172079682379	0.8042013438908954	0.8001717016209002	0.7646943050546233
CAC	HIS	H	6479	7953	5987	8098	7814	6355	133614	153810	84215	134045	132289	81191	1148.6162692725384	1490.44369664672	733.8477682045418	1270.6658852951791	1178.1082658503738	765.672673657238	20.62262694860318	19.339871746510752	14.06631033906798	16.552852556186714	16.92974148963399	12.775924468922108	0.6734877089665638	0.6768338241238244	0.6634724605333886	0.7102210934948011	0.7427927654569165	0.716709092169033	0.17728295559076068	0.1874064751221828	0.1225735373650479	0.15691107499323032	0.1507689103980514	0.12048350490279118	0.6734877089665638	0.6768338241238244	0.6634724605333886	0.7102210934948011	0.7427927654569165	0.716709092169033
ATA	Ile	I	4700	7092	4741	8644	6648	5437	9903	13757	7839	17511	12365	8762	653.6491152255163	970.9007127071463	472.3458426107044	1007.7579612395732	676.0736211641639	527.1201293679918	2.1070212765957446	1.9397913141567964	1.6534486395275259	2.0257982415548357	1.8599578820697955	1.6115504874011404	0.5283351565878114	0.49442856629520154	0.5392824946453535	0.5276931400543003	0.5010243685044823	0.5767207659189105	0.13907427983521622	0.13690083371505166	0.09963000265992498	0.11658467853303715	0.10169579139051804	0.0969505479801346	0.5283351565878114	0.49442856629520154	0.5392824946453535	0.5276931400543003	0.5010243685044823	0.5767207659189105
ATC	Ile	I	12962	16585	12535	17860	15608	13268	160376	200154	109295	204685	166867	109700	1697.1901622874561	2363.8690492691717	1164.953649629767	2357.8353505182727	1736.8067241261772	1228.1641940281945	12.372781978089801	12.068375037684655	8.719186278420423	11.460526315789474	10.691119938493081	8.268013264998492	0.4974176363218125	0.5147607207789092	0.5030492307343329	0.5975468881336582	0.5482266009274271	0.5506381406987755	0.13093582489488167	0.14253054261496362	0.0929360709716607	0.13201765680393465	0.11127669939301495	0.09256588740037644	0.4974176363218125	0.5147607207789092	0.5030492307343329	0.5975468881336582	0.5482266009274271	0.5506381406987755
ATT	Ile	I	21709	28672	20667	31192	27049	21668	188193	241713	123768	248541	203080	120855	3016.9827918652663	4398.871712660335	2063.1430749799083	4375.97093811495	3149.0506657492915	2091.5133144029965	8.668893085816942	8.430280412946429	5.988677601974162	7.96810079507566	7.507856112980147	5.577579841240539	0.5279535388351839	0.554090584470012	0.5403536485493583	0.6349962723017454	0.5735671939724575	0.5741919874555164	0.13897382614884454	0.1534204698891021	0.09982789350074556	0.1402914509526465	0.11642022498980707	0.09652544371437126	0.5279535388351839	0.554090584470012	0.5403536485493583	0.6349962723017454	0.5735671939724575	0.5741919874555164
AAA	Lys	K	28849	38226	25255	41549	37968	26888	142595	188030	87371	202678	177395	87172	4909.086546472684	7070.273736752789	2889.1372058333754	6904.652572588228	5320.715346691171	2928.0729433958377	4.9428056431765395	4.918903364202375	3.4595525638487428	4.878047606440588	4.67222397808681	3.2420410592085687	0.6464465408223974	0.6679974965256836	0.6192228521861767	0.7521790341188211	0.6904117489967659	0.6477966730778536	0.1701648773431552	0.1849598110383715	0.11439862228601763	0.16618095676401906	0.14013683487913958	0.10889887471719123	0.6464465408223974	0.6679974965256836	0.6192228521861767	0.7521790341188211	0.6904117489967659	0.6477966730778536
AAG	Lys	K	26296	33177	24143	34608	31711	24850	492963	617024	292373	566814	503010	267464	3958.801376746515	5674.979561477636	2434.695512347779	5262.122972515544	4070.9223221029347	2362.738493688367	18.746691512017037	18.597944359043915	12.110052603239033	16.378120665742024	15.862319069092743	10.763138832997988	0.5719218809692845	0.6177669223665727	0.545857902523537	0.6882155163018703	0.6324682765607126	0.5655937281794884	0.15054766415981574	0.17105161893714427	0.10084477953641963	0.15204932306159105	0.12837571574857098	0.09508001986673509	0.5719218809692845	0.6177669223665727	0.545857902523537	0.6882155163018703	0.6324682765607126	0.5655937281794884
CTG	Leu	L	5885	7749	5356	8521	7654	5920	17515	21644	11524	24838	21503	12682	836.9744276904393	1169.7406570468668	552.4678268215378	1129.0710374146647	911.7732336567788	597.3469683479399	2.976210705182668	2.7931345980126467	2.1516056758775206	2.914916089660838	2.809380715965508	2.14222972972973	0.5402918453196464	0.5451818461992504	0.5583321094346789	0.5997505718852729	0.5868866759404573	0.6002335662047628	0.14222165296354108	0.150953756232658	0.10314933286436478	0.13250452263990903	0.1191237566836659	0.10090320411282769	0.5402918453196464	0.5451818461992504	0.5583321094346789	0.5997505718852729	0.5868866759404573	0.6002335662047628
TTA	Leu	L	17152	23209	15704	25309	23175	16439	88781	115938	57434	130236	112072	56792	2591.738308342532	3785.700558544365	1660.6739656894335	3700.3939307740757	2985.630745895503	1671.1350649242381	5.176131063432836	4.995389719505364	3.6572847682119205	5.145837449128768	4.835900755124056	3.454711357138512	0.5740359224868444	0.589097652926673	0.572400852524929	0.6617789410890603	0.6347054399876544	0.6047160251323017	0.1511041457755674	0.16311347143540716	0.10574846954211879	0.14620861870378427	0.1288298056481339	0.1016567348941078	0.5740359224868444	0.589097652926673	0.572400852524929	0.6617789410890603	0.6347054399876544	0.6047160251323017
CTA	Leu	L	8378	11200	7735	11904	10869	8314	40050	50113	26180	55752	48488	27642	1238.5282015009223	1764.3847082514258	808.0226666914432	1642.4531589533235	1317.205768449383	856.4517095135895	4.780377178324183	4.474375	3.3846153846153846	4.683467741935484	4.46112797865489	3.324753427952851	0.5616014685952562	0.5689481954231319	0.5654437485790105	0.6245109297438808	0.5970626500013907	0.6127850785144993	0.14783100996668921	0.15753434895102017	0.1044631760428498	0.1379748957454069	0.12118923253743517	0.10301319575578416	0.5616014685952562	0.5689481954231319	0.5654437485790105	0.6245109297438808	0.5970626500013907	0.6127850785144993
CTC	Leu	L	2122	2978	1963	3282	2945	2293	5586	6959	3673	7834	6844	4384	327.36745524715997	434.4454135312117	209.6229773962929	414.8675362139294	340.87723020393673	236.95811857722785	2.6324222431668236	2.3368032236400267	1.8711156393275599	2.3869591712370504	2.323938879456706	1.911905800261666	0.5860744838540708	0.5268754769393005	0.578022530367728	0.5721512411576651	0.5702542914246251	0.6147278079089119	0.15427307033325163	0.14588496089026587	0.1067870491066189	0.12640692754842456	0.11574778614734693	0.10333978132456513	0.5860744838540708	0.5268754769393005	0.578022530367728	0.5721512411576651	0.5702542914246251	0.6147278079089119
TTG	Leu	L	23945	29884	21789	31432	29075	22542	383393	472539	231525	463287	409146	224154	3508.7901095366606	4698.63797453508	2129.300989879403	4564.552926656068	3693.308275686762	2151.519836461852	16.011401127584048	15.812441440235578	10.625774473358117	14.739342071773988	14.072089423903698	9.943838168751663	0.5566795142667013	0.5678461928976534	0.5289637835657522	0.6573038866105945	0.6258232660702654	0.5677644945866087	0.14653539818486785	0.1572292187971851	0.0977236674413421	0.1452199327645733	0.1270269398344544	0.09544493995483327	0.5566795142667013	0.5678461928976534	0.5289637835657522	0.6573038866105945	0.6258232660702654	0.5677644945866087
CTT	Leu	L	7496	10020	6681	10386	9764	7254	26491	33146	17480	34797	31675	18462	1247.7260627986175	1719.4779728589579	783.8303968652007	1526.7490763149606	1273.806030152874	803.5969557531195	3.534018143009605	3.3079840319361278	2.616374794192486	3.350375505488157	3.2440598115526424	2.545078577336642	0.6323424823533337	0.6197640157936996	0.6350483775674295	0.6653640263738774	0.6427341842128216	0.6589857944846745	0.16645224957292123	0.17160458810967644	0.11732231654919932	0.14700068133207786	0.13045944593945863	0.11077983950277356	0.6323424823533337	0.6197640157936996	0.6350483775674295	0.6653640263738774	0.6427341842128216	0.6589857944846745
ATG	Met	M	11316	14789	10437	16235	14738	11212	78767	97534	52403	101287	88988	52718	1615.670963282871	2214.8690620183543	1059.8170909813714	2211.1230639910427	1807.2884675822888	1149.9270723687912	6.960675150229763	6.595036851714112	5.020887228130689	6.238805050816138	6.037997014520288	4.701926507313592	0.5424037357091892	0.5408872070128385	0.549643905150216	0.6164538803190679	0.6041500199411823	0.6101021151254311	0.14277756833535446	0.1497646265479988	0.10154422640427052	0.1361948299347732	0.12262779668762985	0.10256217199150831	0.5424037357091892	0.5408872070128385	0.549643905150216	0.6164538803190679	0.6041500199411823	0.6101021151254311
AAC	Asn	N	23073	28758	21008	28855	27350	21253	380267	458302	233279	404264	386659	217303	4545.738545302226	6175.967098137808	2774.2308039152886	5124.491654523428	4467.018147350963	2631.3765217763957	16.48103844320201	15.936504624800056	11.104293602437167	14.01018887541154	14.137440585009141	10.224580059285747	0.7484504912933287	0.7756106362693533	0.7147992071400344	0.8038401241504591	0.8046671189273964	0.7365090273879513	0.19701549626412804	0.2147564885644971	0.13205592174006514	0.17759458168509543	0.16332790301100414	0.12381200403596648	0.7484504912933287	0.7756106362693533	0.7147992071400344	0.8038401241504591	0.8046671189273964	0.7365090273879513
AAT	Asn	N	29941	39551	26845	40365	37228	26938	145247	188006	89593	183252	160243	82870	6244.888543862219	9170.903993327864	3821.771093870269	7719.084372922342	6202.287888299165	3555.6520760269937	4.851107177448983	4.753508128745165	3.3374185136897	4.539873652917131	4.304367680240679	3.076323409310268	0.7923573325012361	0.8374369904780911	0.7705972311524838	0.8655672184318429	0.8208013924802114	0.7851800037001935	0.20857314531452587	0.23187540121179903	0.14236435440008452	0.19123211626216627	0.16660276910656402	0.13199391476824537	0.7923573325012361	0.8374369904780911	0.7705972311524838	0.8655672184318429	0.8208013924802114	0.7851800037001935
CCC	Pro	P	5754	7118	5285	6659	6536	5483	22689	26653	15071	23351	22978	14947	1213.7332808853246	1518.1589050933105	771.5008390727145	1109.7243005871205	1035.1444968607175	744.0190861834245	3.943169968717414	3.7444506883956166	2.851655629139073	3.506682685087851	3.515605875152999	2.7260623746124386	0.8013386570301325	0.7702943449074824	0.790164642304657	0.7543033739172352	0.780269809054103	0.8071999974208758	0.21093730985146414	0.21328447669195147	0.14597934514147862	0.16665029292493175	0.15837584101296168	0.13569562031432145	0.8013386570301325	0.7702943449074824	0.790164642304657	0.7543033739172352	0.780269809054103	0.8071999974208758
CCG	Pro	P	4275	5396	3697	5133	4982	3840	15198	18451	9365	16962	15713	9528	997.9590098047768	1293.0387842085263	567.4867984007476	968.61876709892	843.6923405548395	577.8153061501872	3.5550877192982457	3.419384729429207	2.5331349743034894	3.304500292226768	3.153954235246889	2.48125	0.886827751854991	0.8654402157883766	0.8308688812097028	0.8541252954207376	0.8343269116210744	0.89510325986117	0.233440704047901	0.23962912976436737	0.15349926924553628	0.1887042211375258	0.16934812134782004	0.15047273597661126	0.886827751854991	0.8654402157883766	0.8308688812097028	0.8541252954207376	0.8343269116210744	0.89510325986117
CCA	Pro	P	19057	22699	17548	21977	21640	17601	399583	465543	246093	359737	361195	215536	4028.594208569574	5156.761194519968	2461.1436727987575	3909.995955436471	3646.8467373500703	2298.156581284893	20.96778086792255	20.509405700691662	14.02399133804422	16.368794648951177	16.691081330868762	12.245667859780694	0.8030853082354534	0.8204795424870976	0.7591638550398805	0.8052817723227017	0.8302638415509649	0.7767076694919249	0.21139708288658102	0.2271801046090122	0.1402520898563231	0.17791308893099472	0.16852341669824725	0.1305696597514285	0.8030853082354534	0.8204795424870976	0.7591638550398805	0.8052817723227017	0.8302638415509649	0.7767076694919249
CCT	Pro	P	14849	17524	13511	16938	16595	13747	107403	126665	67588	110523	106649	65005	3801.1472396100744	4770.392342144821	2289.5922782009284	3548.669580023806	3270.6441010731633	2204.0801257640856	7.233012324062226	7.228087194704405	5.002442454296499	6.525150549061283	6.42657426935824	4.728668073034116	0.9724788753861557	0.9831466788559159	0.9172692589580828	0.948294876283634	0.9709836134070415	0.9537504745062005	0.25598674924978615	0.2722205171276433	0.16946134839767066	0.2095093623818518	0.19708611636475826	0.16033171788492656	0.9724788753861557	0.9831466788559159	0.9172692589580828	0.948294876283634	0.9709836134070415	0.9537504745062005
CAA	Gln	Q	21230	26819	18638	29150	27743	20607	219060	266931	130921	283253	265773	139878	3312.4470294000876	4524.5717380155775	1913.1750550654451	4508.331334164211	3854.408501310739	2210.467955462931	10.318417333961376	9.95305566948805	7.0244124906105805	9.717084048027445	9.579821937065205	6.787887611005969	0.5927364553864677	0.6093016580797853	0.5556247507576935	0.7000309414199233	0.6844790933937639	0.6380941653462394	0.1560267088742387	0.16870769745387887	0.10264916058941116	0.1546597370210707	0.13893264972464187	0.10726781945275543	0.5927364553864677	0.6093016580797853	0.5556247507576935	0.7000309414199233	0.6844790933937639	0.6380941653462394
CAG	Gln	Q	9895	12490	8687	13544	12775	9907	36072	44566	22886	51261	45825	27239	1881.503954976197	2569.345266867087	1123.8783052601848	2492.335912063799	2048.509862768923	1341.3617541562494	3.6454775138959072	3.568134507606085	2.634511338782088	3.784775546367395	3.5870841487279845	2.7494700716664986	0.7223572364856412	0.7429464157086926	0.7002863281573045	0.8329129204680742	0.7900107836354033	0.8054138201823754	0.19014693835029783	0.20571219110224875	0.12937473296422064	0.1840177135309952	0.1603530225259431	0.13539535219100124	0.7223572364856412	0.7429464157086926	0.7002863281573045	0.8329129204680742	0.7900107836354033	0.8054138201823754
AGG	Arg	R	3077	4498	2897	5248	4397	3369	7633	10257	5463	12123	9546	6078	417.1665411278318	605.4040086389301	275.93579174286293	624.499967578325	441.0184984836359	324.14517431841176	2.4806629834254146	2.2803468208092488	1.88574387297204	2.3100228658536586	2.1710256993404595	1.8040961709706145	0.515044392420452	0.48609740540636664	0.5155677254033527	0.5386151472143458	0.4941470530193513	0.5723396988368383	0.1355757364731335	0.13459404371696979	0.09524880626263822	0.11899770723672352	0.10029986319846165	0.09621406183390079	0.515044392420452	0.48609740540636664	0.5155677254033527	0.5386151472143458	0.4941470530193513	0.5723396988368383
AGA	Arg	R	15305	19455	14039	20867	19221	14816	226271	279383	143027	278176	247104	136671	2186.9173558742677	2969.1460515400236	1374.3957568116832	2877.757986828469	2291.2891799391964	1397.4856969352668	14.784122835674616	14.36047288614752	10.1878338913028	13.330905257104519	12.855938816918995	9.224554535637148	0.5428273587253041	0.5511855044843106	0.529909631070636	0.6242150289566978	0.5872997210255688	0.5610889598235135	0.142889079116254	0.15261609105834098	0.09789840849146543	0.1379095215808918	0.11920759481500423	0.09432273872403259	0.5428273587253041	0.5511855044843106	0.529909631070636	0.6242150289566978	0.5872997210255688	0.5610889598235135
CGT	Arg	R	4716	5831	4350	6446	5803	4699	52822	64146	32028	64027	57105	31418	658.6562115569168	854.4225728727657	408.76347011952794	872.3893088983494	703.549044173625	437.9289789563961	11.200593723494487	11.000857485851483	7.362758620689656	9.932826559106422	9.840599689815612	6.686103426260907	0.5305761038445915	0.5292088932289339	0.5086382327269827	0.6125760349000049	0.5973070981966889	0.5543876675207973	0.1396641669968017	0.14653105348529682	0.09396861382058114	0.13533808701494718	0.12123884959049198	0.09319620748167613	0.5305761038445915	0.5292088932289339	0.5086382327269827	0.6125760349000049	0.5973070981966889	0.5543876675207973
CGA	Arg	R	614	906	607	1145	944	718	1195	1527	864	2087	1590	1006	103.14574383618016	148.48005348651776	74.41509877148208	167.52057465459072	119.08521107679636	89.352746131493	1.9462540716612378	1.685430463576159	1.4233937397034597	1.822707423580786	1.6843220338983051	1.4011142061281336	0.6381835886809728	0.59188506209602	0.6635880440224038	0.6622205236473662	0.621500819287978	0.7402847132971672	0.167989810808111	0.16388526874891585	0.12259489089206273	0.14630617873763382	0.1261495880050809	0.12444672163160586	0.6381835886809728	0.59188506209602	0.6635880440224038	0.6622205236473662	0.621500819287978	0.7402847132971672
CGC	Arg	R	1141	1532	1088	1728	1506	1177	3322	4230	2272	4759	3919	2508	169.5707703075622	239.2085133925503	116.93778293530391	230.00454433060273	182.48584731142833	120.7624562354811	2.9114811568799297	2.7610966057441253	2.088235294117647	2.754050925925926	2.602257636122178	2.130841121495327	0.5645833150814985	0.5639171836384523	0.5817710973248347	0.6024661454062119	0.5969804177007352	0.6103385422131851	0.14861592489707467	0.15614132727973257	0.10747957990377198	0.1331044816728025	0.12117254137545042	0.10260191693753704	0.5645833150814985	0.5639171836384523	0.5817710973248347	0.6024661454062119	0.5969804177007352	0.6103385422131851
CGG	Arg	R	1194	1526	1099	1568	1460	1133	4819	6005	3174	5783	5210	2881	314.29801339682234	422.529535084422	203.03528115679578	346.42249835006646	296.3445787544125	190.46474022219823	4.036013400335008	3.935124508519004	2.8880800727934486	3.6881377551020407	3.5684931506849313	2.5428067078552514	1.0	1.0	1.0	1.0	1.0	1.0	0.26323116699901367	0.27688698236200654	0.1847454787595958	0.22093271578448115	0.20297573887288528	0.1681065668333612	1.0	1.0	1.0	1.0	1.0	1.0
AGT	Ser	S	7488	10302	6801	11275	9657	7150	25852	33666	17141	37200	30175	17518	1112.9757889027803	1593.2058225201074	703.5610020795723	1540.354158340621	1119.1621304495995	728.8454285614786	3.452457264957265	3.267909143855562	2.520364652257021	3.2993348115299335	3.1246764005384695	2.45006993006993	0.5646542120666513	0.5585316668538689	0.5599576279712352	0.6183637235792131	0.5709612623299664	0.6063797833434929	0.14863458719321318	0.1546501477887893	0.10344964006463347	0.13661677679295975	0.11589128408922021	0.10193642357503196	0.5646542120666513	0.5585316668538689	0.5599576279712352	0.6183637235792131	0.5709612623299664	0.6063797833434929
AGC	Ser	S	4420	5928	4014	6489	5615	4395	14319	17710	9805	19568	15834	10156	614.7858235753921	847.247627009752	398.70115496829493	816.788798784019	607.7135851563457	423.16986659803877	3.2395927601809955	2.9875168690958165	2.442700548081714	3.015564801972569	2.819946571682992	2.3108077360637087	0.5284017727622331	0.5161781633205664	0.5376458610082862	0.5697337775907886	0.5332183090470083	0.5727580163436665	0.13909181528855025	0.14292301400299462	0.09932764199509092	0.12587283075728448	0.108230380259367	0.09628438375381997	0.5284017727622331	0.5161781633205664	0.5376458610082862	0.5697337775907886	0.5332183090470083	0.5727580163436665
TCT	Ser	S	21769	26715	19506	27526	26362	20406	283546	336763	171027	323369	303962	166208	3896.6497857046315	5102.013465118421	2303.382407218909	4627.246312716263	4048.224100104639	2367.093757075382	13.025219348615003	12.605764551749953	8.767917563826515	11.74776574874664	11.530308777786207	8.145055375869843	0.6800104495974323	0.6897375717416908	0.6391812206567132	0.7608858038822288	0.7565577062340412	0.6900378270173694	0.17899994421905607	0.19097935486125475	0.11808584062436733	0.16810456705355892	0.1535628594228298	0.11599989008504275	0.6800104495974323	0.6897375717416908	0.6391812206567132	0.7608858038822288	0.7565577062340412	0.6900378270173694
TCG	Ser	S	5256	7023	4665	7796	7052	5255	16823	21087	10701	25065	21058	12027	882.0017250518955	1216.8168769128229	536.934719374428	1183.6857888436177	956.9464516080008	613.9036737572743	3.2007229832572297	3.002563007261854	2.2938906752411574	3.215110312981016	2.9861032331253545	2.2886774500475737	0.6374949794031478	0.6257487893254315	0.6230114385612097	0.6872338963905942	0.6685458569299927	0.6949328364329711	0.1678085473843028	0.1732616939929977	0.11509854648969518	0.1518324511087247	0.13569858928077153	0.11682277331251652	0.6374949794031478	0.6257487893254315	0.6230114385612097	0.6872338963905942	0.6685458569299927	0.6949328364329711
TCC	Ser	S	12579	15528	11478	15750	15199	12051	164957	196571	104305	182201	171434	101035	2038.7865280262226	2718.601471772557	1268.945111463815	2372.8854814622205	2111.455010457698	1317.6548136090053	13.113681532713253	12.65913189077795	9.087384561770344	11.568317460317461	11.27929469044016	8.383951539291346	0.6157271854583686	0.6323062682147157	0.5984154501191246	0.6819243366173188	0.6844199909505915	0.6504200008286687	0.16207858558122448	0.17507737453455416	0.11055454882939668	0.15065939564839495	0.13892065336256976	0.10933987333905944	0.6157271854583686	0.6323062682147157	0.5984154501191246	0.6819243366173188	0.6844199909505915	0.6504200008286687
TCA	Ser	S	11864	15600	10573	16882	15716	11299	40797	51549	26499	57861	50630	27803	2031.5986706459412	2805.632160650381	1255.1784239481635	2647.5625998810706	2187.839410647906	1322.9751417476416	3.4387221847606204	3.304423076923077	2.5062896055991675	3.4273782727165027	3.221557648256554	2.4606602354190636	0.6505332106238912	0.649536550588608	0.6425891884527793	0.7098430106466543	0.6858502323334924	0.6965094233429733	0.17124061620414205	0.1798482154263065	0.11871544726644884	0.1568275441227977	0.13921095766403066	0.1170878079252714	0.6505332106238912	0.649536550588608	0.6425891884527793	0.7098430106466543	0.6858502323334924	0.6965094233429733
ACG	Thr	T	6048	7719	5212	7738	7631	5502	20209	25411	13163	25610	24304	13238	1104.098760070938	1482.5365634232928	672.6804283795906	1235.2798780419287	1118.0513664090995	659.1677936015759	3.341435185185185	3.292006736623915	2.5255180353031466	3.3096407340398035	3.184903682348316	2.406034169392948	0.6935197453923649	0.6936523052754905	0.6986031929623586	0.7225644833307749	0.7218320681766771	0.7126736718427802	0.18255601191649107	0.1920632936161799	0.12906378134681323	0.15963813363167856	0.14651439738030395	0.11980512424601525	0.6935197453923649	0.6936523052754905	0.6986031929623586	0.7225644833307749	0.7218320681766771	0.7126736718427802
ACA	Thr	T	13176	16731	12125	17245	16529	12737	52558	63780	34817	67479	62497	36448	2356.4007635956277	3160.7796189447595	1508.355710690932	2759.7703798338694	2397.1610115485423	1564.4533894066533	3.9889192471159682	3.812085350546889	2.871505154639175	3.9129602783415485	3.7810514852683164	2.861584360524456	0.6794042503323909	0.6822912141313747	0.6733613824817767	0.7243520929725419	0.7145070114284082	0.7306523759179846	0.17884037367908528	0.188917555372946	0.12440047098481914	0.16003307508459666	0.14502758857453824	0.12282746246421082	0.6794042503323909	0.6822912141313747	0.6733613824817767	0.7243520929725419	0.7145070114284082	0.7306523759179846
ACC	Thr	T	11189	13376	10280	13420	13403	10800	208726	241715	133398	209867	216139	127835	1706.72107776521	2166.5012301552492	1076.310164372669	1875.6072644848748	1823.2028456479866	1123.9057991194784	18.654571454106712	18.070798444976077	12.97645914396887	15.638375558867363	16.12616578377975	11.836574074074074	0.5794740190746908	0.5849653499425993	0.5667225689902494	0.6326002500219187	0.6701759542942844	0.6190439417722379	0.15253562228663956	0.16196929053194148	0.1046994323319717	0.13976209124328426	0.13602945949772338	0.10406535177032207	0.5794740190746908	0.5849653499425993	0.5667225689902494	0.6326002500219187	0.6701759542942844	0.6190439417722379
ACT	Thr	T	18005	21787	16569	22425	21991	17074	249849	288527	152569	267193	273284	148402	3088.0030841403786	3953.257155726946	1927.068677309528	3519.981517174988	3248.2503188995825	1957.6753120808503	13.876645376284365	13.243080736218847	9.208099462852315	11.914960981047937	12.42708380701196	8.691694974815508	0.6515493120250329	0.6553225222383803	0.6295454300514116	0.7104735269629562	0.7277134137165351	0.6820570591109011	0.1715080857617539	0.18145027565644403	0.11630567187576366	0.1569668458049047	0.14770816783682336	0.11465827059159249	0.6515493120250329	0.6553225222383803	0.6295454300514116	0.7104735269629562	0.7277134137165351	0.6820570591109011
GTG	Val	V	7086	9137	6255	9874	9193	6813	27471	33137	17047	37346	32996	18622	1005.1806610092069	1309.8399330892364	626.1699404700403	1300.9412557454064	1083.2475200262782	660.6895864626883	3.8767993226079596	3.626682718616614	2.725339728217426	3.7822564310309903	3.5892526922658545	2.733303977689711	0.5388968776467926	0.5177404102824568	0.5418649780417087	0.5963545434650747	0.5805321984643286	0.5768652709597073	0.1418544539950899	0.14335557984997663	0.10010710479137334	0.13175422885815335	0.11783395192279758	0.09697484022643305	0.5388968776467926	0.5177404102824568	0.5418649780417087	0.5963545434650747	0.5805321984643286	0.5768652709597073
GTC	Val	V	8924	10922	8240	11293	10983	8709	154070	183211	93719	164472	168461	91431	980.9948331189377	1250.7744980831274	609.5720522284114	1221.6953313115635	1095.2750838997367	656.6635366813011	17.264679515912146	16.774491851309286	11.373665048543689	14.564066235721244	15.338341072566694	10.498449879435068	0.41760899952372055	0.4135940739535219	0.40042761155028506	0.4896587899374489	0.4913128166695472	0.4485283845156377	0.1099277042939195	0.11451881505979924	0.07397719080441886	0.10818164626862335	0.09972458198121976	0.07540056684823758	0.41760899952372055	0.4135940739535219	0.40042761155028506	0.4896587899374489	0.4913128166695472	0.4485283845156377
GTA	Val	V	5463	7523	4888	8378	7786	5362	15041	19235	9780	22153	19566	10564	749.291546832248	1031.2105684987591	464.1504820950121	1023.2817049850117	828.9659295634286	498.30987810698326	2.7532491305143694	2.5568257344144625	2.0008183306055645	2.644187156839341	2.512972001027485	1.9701603879149572	0.5210535071611904	0.49505534663281925	0.5139889588045008	0.5528340987457181	0.5245394433876227	0.5528254242588919	0.13715752275896906	0.13707438103133845	0.09495713627148365	0.12213913881415753	0.10646878108957471	0.09293358413035868	0.5210535071611904	0.49505534663281925	0.5139889588045008	0.5528340987457181	0.5245394433876227	0.5528254242588919
GTT	Val	V	16591	20691	15066	21714	20701	15769	221886	267276	131733	252596	241244	125402	2009.924008798182	2668.6781410121057	1240.4684666544815	2554.8644101153927	2269.664845400866	1283.8359257178352	13.373877403411488	12.917500362476439	8.743727598566307	11.632863590310398	11.653736534466933	7.952438328365781	0.4602245327192189	0.4658136164309165	0.4456705603686858	0.532559323097053	0.5401647934822706	0.4843069399879228	0.12114544082925574	0.12897772659668966	0.0823356210443702	0.11765977756817687	0.10964034807018337	0.0814151769749404	0.4602245327192189	0.4658136164309165	0.4456705603686858	0.532559323097053	0.5401647934822706	0.4843069399879228
TGG	Trp	W	5632	7469	5306	8171	7141	5871	40806	52358	26912	56491	45960	28721	690.5981056372315	982.5245352248694	478.6694199653235	978.3440043074391	753.4588783878013	513.6300526346238	7.2453835227272725	7.010041504886866	5.0719939690915945	6.913596866968548	6.43607337907856	4.892011582353943	0.46582782607880713	0.47509275386239175	0.48830887630929964	0.5419464130902284	0.5198240764928663	0.5204196272196685	0.12262040227933797	0.13154699895901317	0.09021285713632181	0.11973369285368243	0.10551167601005479	0.08748595684459612	0.46582782607880713	0.47509275386239175	0.48830887630929964	0.5419464130902284	0.5198240764928663	0.5204196272196685
TAC	Tyr	Y	10925	13766	10143	14385	13241	10338	137739	164138	85777	155278	142498	81199	1440.5845625260229	1933.6244618930943	936.6106170139901	1834.3322934662244	1527.2075287459825	916.2973985182388	12.607688787185355	11.923434548888567	8.45676821453219	10.794438651372959	10.761875991239332	7.854420584252273	0.5009334141204895	0.5072964558542687	0.49982598690132646	0.5771758013285071	0.5682417508337058	0.5272483713317081	0.13186128718773665	0.14046378482442934	0.09234059124657301	0.1275170172725912	0.1153392892338934	0.08863391357305463	0.5009334141204895	0.5072964558542687	0.49982598690132646	0.5771758013285071	0.5682417508337058	0.5272483713317081
TAT	Tyr	Y	12432	16557	11114	17590	15952	11283	49329	64593	32081	69536	58578	31031	1873.0049068866088	2705.8204576557164	1208.9059527212248	2496.019827261064	1982.852580117705	1134.294408191261	3.9679054054054053	3.901250226490306	2.88653949973007	3.9531552018192153	3.6721414242728185	2.7502437295045645	0.5723485732152643	0.5902211786089946	0.5887735679866473	0.6422766896490221	0.6123943211985616	0.598021122924008	0.15065998285767446	0.1634245610711914	0.10877325469868858	0.1418999333292248	0.12430118982683708	0.10053127786858645	0.5723485732152643	0.5902211786089946	0.5887735679866473	0.6422766896490221	0.6123943211985616	0.598021122924008
