	A	C	G	T
0	0.2945765983180761	0.21858714978275978	0.20540279335246356	0.2814334585467006
1	0.2940038288854873	0.20482931328782444	0.2217405084430194	0.27942634938366884
2	0.3037653549820281	0.20379605428660358	0.21793180490591943	0.27450678582544885
3	0.2940596845646455	0.21630786854444078	0.2058216398829447	0.283810807007969
4	0.29419058298832146	0.20489597057414805	0.22095909744044548	0.279954348997085
5	0.30239170322868564	0.2025127949300667	0.21860193092940725	0.2764935709118404
6	0.2940410660049261	0.21648836908523178	0.2053052946351544	0.2841652702746877
7	0.29372753514430805	0.2044566578406166	0.2210446575393086	0.28077114947576676
8	0.30273707040515974	0.20253638791413858	0.21851452318721318	0.2762120184934885
9	0.2945016976999683	0.21524447874428473	0.20592652917357757	0.2843272943821694
10	0.2931318833596978	0.20321134623556883	0.2222001452531911	0.2814566251515423
11	0.3036708409193305	0.20000540080358273	0.21978783369504504	0.27653592458204174
12	0.293529126675848	0.21367767719965491	0.2086009218318957	0.2841922742926013
13	0.29342509014367557	0.2019192750416075	0.2240146731305758	0.2806409616841411
14	0.3000170551692086	0.19926819111454108	0.22186714307439323	0.2788476106418571
15	0.29200581581270013	0.21133202292783249	0.2100877062076552	0.28657445505181217
