	A	C	G	T
0	0.30273969922654526	0.21219618835797247	0.20811256973086453	0.27695154268461775
1	0.2996072331257971	0.20080163911835575	0.22641910142243307	0.27317202633341403
2	0.30758761406316365	0.19637096111063537	0.22552451617257016	0.27051690865363076
3	0.29397687518395	0.2197213374035308	0.20556746760637343	0.28073431980614577
4	0.27244586695943657	0.228609204899435	0.21347781286807718	0.28546711527305124
5	0.3769738293409218	0.15166821009795353	0.18088910715571793	0.29046885340540674
6	0.2482417359320444	0.2701414947484585	0.1496568818983014	0.3319598874211957
7	0.29917681144297875	0.18120384237833215	0.25135775640854785	0.2682615897701412
8	0.3551768556760371	0.136626276591582	0.21033216191340867	0.29786470581897223
9	0.27552360882778426	0.2666482173226864	0.22427720063718287	0.23355097321234647
10	0.27581750347484696	0.19816310883543997	0.2492786608951977	0.27674072679451533
11	0.2926917063582753	0.21619857127221648	0.2187406961716288	0.27236902619787945
12	0.2980451823677956	0.21894924369976643	0.1901156694474894	0.29288990448494856
13	0.29511771947961507	0.2070986119326047	0.22863826828710884	0.26914540030067136
14	0.3042135674131657	0.20244336609037042	0.22638550131082966	0.26695756518563424
15	0.2938704039442278	0.21946756440872026	0.20577856704172143	0.28088346460533054
