	A	C	G	T
0	0.30162820901727794	0.21317629477328087	0.20770713347598255	0.27748836273345867
1	0.298414579309972	0.20073603646007418	0.2276148612903046	0.2732345229396493
2	0.3072804730335926	0.19642223508458337	0.22610622145925252	0.27019107042257146
3	0.2924131114847775	0.22039099241888238	0.20522682640403422	0.2819690696923059
4	0.27237253497830444	0.22509019981043987	0.21662725006103423	0.28591001515022146
5	0.3733418852779407	0.1551151948869397	0.18099703774769282	0.29054588208742677
6	0.24022610128723249	0.28345952797041524	0.13953456940719342	0.33677980133515883
7	0.29895959683505824	0.18268443603289886	0.24978284038977816	0.26857312674226475
8	0.35561787460113214	0.13574052446110735	0.21210551393404184	0.2965360870037187
9	0.2711079248401418	0.27224805301848104	0.22821887500488058	0.2284251471364966
10	0.2744203463483933	0.19815736665037656	0.2507144974876205	0.2767077895136097
11	0.2921728897277551	0.2171995667319844	0.21888015363894933	0.2717473899013112
12	0.2970955854116797	0.22044870141878328	0.1896413739633297	0.29281433920620736
13	0.2939035697628868	0.2074274915378011	0.2310387319637922	0.26763020673551985
14	0.30369087670053835	0.20290747166359385	0.22736927624332862	0.2660323753925392
15	0.2927408085009433	0.22044778965949116	0.20502575666367323	0.28178564517589233
