	A	C	G	T
0	0.2914282897378467	0.22360660420283465	0.2006666602037111	0.28429844585560754
1	0.2913092953205097	0.20727775685765523	0.2199609269981922	0.28145202082364285
2	0.3018763544089681	0.20700998773749224	0.21511161936131679	0.2760020384922229
3	0.2907863028174748	0.22095939027209865	0.20108352083824788	0.28717078607217866
4	0.29175568279129727	0.20701588043228047	0.22008752489267533	0.2811409118837469
5	0.30074476692269475	0.20538772252605506	0.2162979518830423	0.27756955866820787
6	0.291025812347578	0.22124825904134218	0.20040915577769536	0.2873167728333844
7	0.2909534525900706	0.2057410941264216	0.22056077798271262	0.28274467530079517
8	0.3004960064953971	0.20526353239933487	0.21686155962649947	0.2773789014787686
9	0.2902984130339312	0.21993444155279984	0.20234633166760158	0.28742081374566736
10	0.2894507520567564	0.20373694427531988	0.22306358920998162	0.2837487144579421
11	0.3014533476304049	0.201205176472586	0.21888021944648842	0.2784612564505207
12	0.28913127929199967	0.21669764133169073	0.20634145200941842	0.28782962736689116
13	0.2890733027787604	0.20278511566124305	0.22551336618415635	0.2826282153758402
14	0.2976960260363333	0.20043532441153997	0.22199428687399703	0.27987436267812965
15	0.2889705291126685	0.2141023211324771	0.20744566697796568	0.2894814827768887
