	A	C	G	T
0	0.3030395515026039	0.2139596356641232	0.20563032246684185	0.277370490366431
1	0.30025995369991454	0.19973318894761632	0.22764836482480286	0.27235849252766625
2	0.309409052324633	0.19526162632510435	0.2253741254584551	0.26995519589180755
3	0.29262895282918877	0.22250958496711598	0.20352603167919878	0.28133543052449644
4	0.27297521184005014	0.22525183073930538	0.21667906572901904	0.2850938916916254
5	0.4076792109026469	0.14808683342188902	0.15561399438379672	0.28861996129166734
6	0.23865027584569326	0.3010992051601672	0.11201437857249893	0.3482361404216406
7	0.3011509039096579	0.18233276765968925	0.25278963102577207	0.2637266974048808
8	0.35808645863755595	0.1330359243739569	0.21713354703413817	0.291744069954349
9	0.2737359039535829	0.268127221647897	0.22335667340161908	0.23478020099690106
10	0.2736422394710093	0.19800911781392913	0.25127109086194266	0.27707755185311894
11	0.2898283089585527	0.21772934668138585	0.22066132307212172	0.27178102128793974
12	0.292301316744397	0.22321219498922826	0.18969901784384235	0.29478747042253234
13	0.2897030437733565	0.2089059880993018	0.2315074426290824	0.26988352549825934
14	0.3004706671850025	0.20658832936755048	0.22550678520806502	0.267434218239382
15	0.2887375791068289	0.22722655864619556	0.20107223712054903	0.28296362512642653
