	A	C	G	T
0	0.29311173030058785	0.22026898726181965	0.20466188609959762	0.2819573963379949
1	0.2926775486762379	0.20597104287555634	0.22163125428228225	0.2797201541659235
2	0.302950241829005	0.2048513198057025	0.21742275120312443	0.27477568716216805
3	0.2930162071179124	0.21809458504503673	0.2053073798404908	0.28358182799656007
4	0.2937569015096318	0.20561039851282714	0.22141870579365036	0.2792139941838907
5	0.30143638483941193	0.20386222213478025	0.21857558754283088	0.27612580548297694
6	0.2934216834076823	0.21855129014352345	0.2040294548985976	0.28399757155019667
7	0.2930428697507807	0.20502177788801199	0.22128980056458125	0.28064555179662604
8	0.302102036820881	0.20360392787886822	0.21851570412949353	0.2757783311707573
9	0.2926106233175261	0.21760019747550022	0.2050308625350982	0.28475831667187557
10	0.2915970669813717	0.20417040131670403	0.2222623953558854	0.28197013634603885
11	0.30267318697053036	0.20188236037838148	0.21848995533686463	0.27695449731422356
12	0.2922589023359584	0.2163715123959203	0.20655622316064656	0.2848133621074747
13	0.2923440507441509	0.20364478191310195	0.22369432925577817	0.280316838086969
14	0.29994376119655874	0.20110312343068096	0.22085664029108715	0.2780964750816731
15	0.29130205784995755	0.21455856087148967	0.20754881492660196	0.28659056635195085
