	A	C	G	T
0	0.30607808283539717	0.2103900262899874	0.20662988756835177	0.27690200330626363
1	0.30064565446529484	0.20148683709018053	0.22378797434411324	0.2740795341004114
2	0.3094551831459315	0.19372365723986945	0.22482415296654912	0.27199700664765
3	0.29245378852661	0.22353762166850302	0.20313370121892307	0.2808748885859639
4	0.25378713116292423	0.25693102624138325	0.2019666107344652	0.28731523186122726
5	0.41712764710703115	0.15077451454700416	0.15524538523860548	0.2768524531073592
6	0.26530004301051874	0.2619062682893746	0.13673785378575937	0.3360558349143473
7	0.3013025789400302	0.17765295490068614	0.2553028469131823	0.2657416192461014
8	0.3559494710959735	0.1320200599072548	0.21428084035718242	0.29774962863958926
9	0.2803644860597788	0.2581130172629818	0.2266758403518608	0.23484665632537854
10	0.27691288306354095	0.19289951562611052	0.24997283017136446	0.2802147711389841
11	0.29437241007082365	0.20894242728094406	0.22135670336732036	0.27532845928091193
12	0.2985165332694108	0.21382649223262198	0.19208282428092197	0.29557415021704525
13	0.29327213548703646	0.20353719830403505	0.23023068278400216	0.2729599834249263
14	0.30474649515123514	0.19744488900341542	0.22808997228145317	0.2697186435638963
15	0.2938549120507621	0.21532352318233847	0.206612385350123	0.2842091794167764
