	A	C	G	T
0	0.3061414786264985	0.21029653765833867	0.20667930861632192	0.2768826750988409
1	0.30335636662669363	0.19930067591243444	0.22457682279272104	0.27276613466815086
2	0.3107028919205922	0.1944285822633522	0.2226329866796441	0.2722355391364115
3	0.2965480520835702	0.21764964908761958	0.20427619246869244	0.28152610636011777
4	0.2723366980595496	0.24041184751079586	0.20687751012798405	0.2803739443016705
5	0.4078730868177162	0.1391787274413286	0.16019879014751193	0.2927493955934432
6	0.2589613890900462	0.26780234966554267	0.14158225522241946	0.33165400602199174
7	0.3154585962084648	0.1733472890797862	0.25553196781479126	0.25566214689695776
8	0.3594957613587938	0.1354736146553038	0.21075509733433373	0.29427552665156864
9	0.2865846699672124	0.25132003132942277	0.22072743247847698	0.24136786622488793
10	0.2821884245995038	0.19206488001965139	0.24759279324484793	0.2781539021359969
11	0.2970586833924319	0.20897395934687354	0.21824034310472273	0.27572701415597184
12	0.29953342376234426	0.21145682947764846	0.19472773688142167	0.2942820098785856
13	0.2952155945690316	0.20051386263153362	0.2326678901099195	0.2716026526895153
14	0.30356228626575693	0.19761874158917067	0.2277362125173002	0.27108275962777223
15	0.292855494118118	0.21392807096313896	0.20899711372907706	0.284219321189666
