	A	C	G	T
0	0.2949631771238052	0.21344196596806378	0.20638033861127694	0.28521451829685407
1	0.2934251887760301	0.2009935836492599	0.22191110294498792	0.28367012462972213
2	0.3043154178527875	0.1983347830310754	0.2204181890667604	0.2769316100493767
3	0.2948705372271823	0.2110106728040697	0.20729843438574708	0.2868203555830009
4	0.2933223478152464	0.200594318742688	0.2218015008137721	0.2842818326282935
5	0.30322354813650876	0.19575189730897113	0.22171099602360148	0.27931355853091866
6	0.2953104877733722	0.2104095217207345	0.2072976040665712	0.2869823864393221
7	0.2919259881954709	0.19939189795899243	0.22378714981437028	0.2848949640311664
8	0.3005284507086359	0.19654651276028579	0.22331149554361768	0.27961354098746066
9	0.29149374775591413	0.2093062647700437	0.2095145562661638	0.2896854312078784
10	0.28929541842926626	0.19867177399945649	0.22677167278354896	0.2852611347877283
11	0.3007503831626454	0.19333329616666545	0.22644203607072563	0.2794742845999635
12	0.29200391958097827	0.20744670566715376	0.21374313459485703	0.286806240157011
13	0.2914865121173815	0.19667936382842616	0.22845674624247952	0.2833773778117128
14	0.3002269262307673	0.19210620304174383	0.2283526004944195	0.27931427023306943
15	0.29473353456316254	0.2058356492319014	0.21271401328486958	0.28671680292006646
