	A	C	G	T
0	0.2980904365121546	0.215752939672793	0.20621151624644243	0.27994510756860996
1	0.29723966066127894	0.20225284416856892	0.22304495613538014	0.27746253903477197
2	0.3076316569539694	0.2011172133525122	0.2192786457358937	0.2719724839576247
3	0.29799571039546735	0.21389082720325675	0.20597930193753475	0.2821341604637412
4	0.297667416739634	0.20232280617189366	0.22243505526693785	0.27757472182153453
5	0.3062301163960691	0.1996454401452395	0.2199178440389971	0.2742065994196943
6	0.29838970337937454	0.2142388780205706	0.20516573991821482	0.2822056786818401
7	0.29712619230578996	0.20174951018139983	0.22257809170313567	0.27854620580967454
8	0.3068450242163934	0.19996913281826234	0.21893898494605787	0.2742468580192864
9	0.29778480946281427	0.21368919589773666	0.2059006115991724	0.2826253830402767
10	0.2964131076316705	0.2004755792349797	0.2232511207621988	0.279860192371151
11	0.3081887818431145	0.19756417203859603	0.21923128267755007	0.27501576344073947
12	0.29758493735660413	0.2121440099500313	0.20701763549945124	0.28325341719391334
13	0.2977758781432409	0.20032855076957864	0.22342873223098747	0.27846683885619294
14	0.30612957138935676	0.19727782852015274	0.2201295569097932	0.2764630431806973
15	0.2978343376895394	0.2097224720999447	0.20697189631739366	0.28547129389312226
