	A	C	G	T
0	0.29217338046517655	0.21809873575338373	0.2038604416406056	0.28586744214083415
1	0.29217551723269264	0.20368286501387325	0.22090071273567422	0.2832409050177599
2	0.30198058105681375	0.20299662525686193	0.21653912038953047	0.27848367329679385
3	0.29224276917872555	0.21542372774612864	0.20471998448931705	0.2876135185858288
4	0.2923751363032752	0.20310807455204355	0.22171639561958162	0.2828003935250996
5	0.3011214880538951	0.20095657458623184	0.2181121186657214	0.27980981869415167
6	0.29225896362726855	0.21463717237730906	0.205146213378054	0.2879576506173684
7	0.2912357893714035	0.2018451324885829	0.22333775231850522	0.2835813258215084
8	0.29959066282078506	0.20112290506814265	0.21989429523559323	0.2793921368754791
9	0.2891753831786464	0.2138058573520997	0.20767884519186822	0.2893399142773857
10	0.2879142404983572	0.2005854518071205	0.22685610872592876	0.28464419896859355
11	0.29891240782659706	0.19830900717234132	0.2230628965390664	0.27971568846199524
12	0.28870619401669106	0.21197970835597557	0.21148780198148076	0.2878262956458526
13	0.2896239918955782	0.19928472269705944	0.22877020257455744	0.28232108283280494
14	0.29838406394288036	0.1962536617447539	0.22567290182925293	0.27968937248311276
15	0.29125198381994655	0.2093975935049465	0.21159295343556228	0.2877574692395447
