	A	C	G	T
0	0.2985878586764787	0.21609560893303073	0.20387161933846662	0.28144491305202396
1	0.29713428441774486	0.2031556961794538	0.21977732107477882	0.2799326983280225
2	0.3071270392733777	0.20180831410910074	0.2164409083677796	0.27462373824974196
3	0.2978342737535717	0.2141857479194248	0.20436297049420576	0.28361700783279775
4	0.2974855278178829	0.2034696774100095	0.21890805359858403	0.2801367411735236
5	0.3056261130886867	0.20017811916451822	0.21742440986788164	0.27677135787891344
6	0.29782827983889354	0.21404139447426002	0.20423844691676776	0.28389187877007865
7	0.29705101895300795	0.20226300248672535	0.2196516486636942	0.2810343298965725
8	0.30568570259044503	0.1998924591808167	0.2180337911934908	0.27638804703524744
9	0.29699517564792344	0.21273252330571388	0.20592003967971517	0.2843522613666475
10	0.2954873065120636	0.19998931085215735	0.2225202363300659	0.2820031463057131
11	0.3055990405740572	0.1963911638708801	0.22122674954252694	0.2767830460125358
12	0.2957272129470555	0.20990888999942808	0.20932748027565015	0.2850364167778663
13	0.29411175304272336	0.19954945741336108	0.22441471296266466	0.2819240765812509
14	0.3020538897883923	0.1959216905037161	0.22302682201894528	0.2789975976889463
15	0.2952156822785667	0.20801626149052174	0.21084244221054574	0.2859256140203658
