	A	C	G	T
0	0.3011229079777114	0.21337696484222718	0.20771756426181956	0.2777825629182418
1	0.2981121947958906	0.2011482766989529	0.22679378840916362	0.27394574009599293
2	0.30521767977810105	0.1973772869419947	0.22594322969167696	0.2714618035882273
3	0.28850729636722605	0.22366352148356103	0.20741094143302097	0.280418240716192
4	0.26653834265762816	0.23079625933607073	0.21300080794106022	0.2896645900652409
5	0.38335188322941355	0.15307432564286494	0.16349703448396521	0.3000767566437563
6	0.24470139153380052	0.27755579212093723	0.13716818228514083	0.3405746340601214
7	0.29999757752264006	0.18145880689401167	0.2519083738313229	0.26663524175202535
8	0.3534769054915319	0.13763103247330902	0.21262588470891916	0.29626617732623994
9	0.27181799748152075	0.2693364161600773	0.22742127733642334	0.2314243090219786
10	0.2734592258928736	0.19631195766227347	0.24928323829595764	0.2809455781488953
11	0.29234008172720843	0.21538291067832507	0.21626969440448104	0.2760073131899855
12	0.2961419132098139	0.21777039669861198	0.18944860826432638	0.29663908182724774
13	0.29176911727168037	0.20611502819718786	0.23131069931986706	0.2708051552112647
14	0.3022505936191049	0.20177184031567572	0.2256519716498372	0.2703255944153822
15	0.29075246184261705	0.21926122964053577	0.20470875765940238	0.28527755085744483
