	A	C	G	T
0	0.29332264835587324	0.22043840158811345	0.20303705397540622	0.2832018960806071
1	0.2942442227314908	0.20521211149491966	0.2211787376048197	0.2793649281687698
2	0.30385843450092054	0.2063894705838212	0.2147403385804698	0.27501175633478847
3	0.2930079956881442	0.21890675010336405	0.20330910872635088	0.28477614548214086
4	0.2944867942020685	0.20513825538456895	0.22152602895415902	0.2788489214592035
5	0.3034332441833876	0.2046296441466666	0.21544793730927694	0.2764891743606689
6	0.29322108387835494	0.21893988181641855	0.20290403409174387	0.2849350002134826
7	0.29372397595150385	0.20388822346078295	0.22226715382117612	0.2801206467665371
8	0.3024806088267814	0.20488069575808565	0.2163885426986431	0.27625015271648984
9	0.2915831348142223	0.2173624770136415	0.2043126249280051	0.28674176324413114
10	0.2919988589280254	0.2029061048238098	0.22412538933460574	0.2809696469135591
11	0.30285620018102144	0.20189174193038179	0.21781291054112076	0.27743914734747605
12	0.2906215262853305	0.21585360358161707	0.20784075794315565	0.28568411218989676
13	0.29265873221302785	0.2019050537793769	0.2261160530939646	0.27932016091363066
14	0.30105959359812473	0.200304772317586	0.22080551280151214	0.2778301212827771
15	0.2921862108768456	0.21292568704671305	0.20902945675527526	0.2858586453211661
