	A	C	G	T
0	0.3046849552940669	0.21094338147265335	0.20868422187948274	0.275687441353797
1	0.3014155980025238	0.19912536266272637	0.22765431366416083	0.271804725670589
2	0.31003854471132586	0.19384457542845432	0.22694981772490483	0.269167062135315
3	0.2953309533311043	0.21758644585135412	0.20541870692537506	0.2816638938921665
4	0.2689991452484442	0.22406260448461446	0.21140688870433685	0.2955313615626045
5	0.38710976681730425	0.15478660871253383	0.17520141937293052	0.28290220509723135
6	0.24940666220865645	0.27973753464844636	0.14122484280121228	0.32963096034168493
7	0.30192009016685184	0.17909128045557987	0.2549988810034837	0.26398974837408457
8	0.3612714631620954	0.13268480968970092	0.21160358941725896	0.2944401377309447
9	0.2749935286948456	0.26832936516496436	0.22955114757811404	0.22712595856207599
10	0.278517693626843	0.19531544916250526	0.25198830850868775	0.27417854870196406
11	0.29668621989494914	0.2139060932730783	0.2199287886795302	0.26947889815244236
12	0.3020666382648274	0.21673310989354702	0.19049944993906187	0.2907008019025637
13	0.2973551910652847	0.2044461910976412	0.23236016588112213	0.26583845195595196
14	0.3089053922150199	0.19989383014981071	0.2276828952619261	0.2635178823732433
15	0.29775802981114574	0.21735172622064994	0.20640598541799238	0.2784842585502119
