	A	C	G	T
0	0.30566724475511653	0.21100781448238365	0.2070597937166374	0.2762651470458624
1	0.30217828690216386	0.19981149224692363	0.2244910313086985	0.27351918954221405
2	0.31028472811682617	0.1945419841033897	0.22447399207316826	0.27069929570661583
3	0.29702282206309966	0.21782649803403592	0.2032265137679265	0.28192416613493787
4	0.2729705460870716	0.22979471756794506	0.20982005022787983	0.28741468611710347
5	0.3852791368062783	0.15366082245799143	0.18245379240820347	0.2786062483275268
6	0.2549719318452501	0.26995684340289877	0.14605504579842593	0.3290161789534252
7	0.3013467024570329	0.1806441957014991	0.25176048434873977	0.2662486174927283
8	0.3577502589141732	0.13450094943915755	0.21064480901433352	0.2971039826323357
9	0.27961764154759505	0.262632762175169	0.2238042305432482	0.23394536573398775
10	0.278561756990309	0.19677058657269378	0.24939467119332392	0.2752729852436733
11	0.29418489254544905	0.21462212530783348	0.2201798057855977	0.27101317636111977
12	0.29982473003897153	0.21760872464660153	0.19067507408455336	0.2918914712298736
13	0.29711912861947365	0.20627514190270368	0.2276277453160412	0.2689779841617815
14	0.3064330139074539	0.20158770799513315	0.2261636166185956	0.2658156614788173
15	0.2967397814284589	0.21839262912564358	0.20518786927996724	0.2796797201659303
