	A	C	G	T
0	0.3010391486104511	0.21490915566469798	0.2063856183878734	0.2776660773369775
1	0.2995172219057486	0.20051317924182097	0.2274184899976289	0.27255110885480155
2	0.30690676686255236	0.19830383241392	0.22383646740632954	0.2709529333171981
3	0.29058489249898417	0.22323562660307023	0.20553251692970054	0.28064696396824507
4	0.2739517261259985	0.22656440468354766	0.21544683291863806	0.28403703627181576
5	0.4000724117948582	0.13972239521688612	0.15548839099220885	0.3047168019960469
6	0.2427591648637507	0.29165877122300177	0.1251743146705706	0.3404077492426769
7	0.3141871038135239	0.17759897836402472	0.25302757059412107	0.25518634722833033
8	0.36326154136769745	0.136343637256262	0.20882813906606493	0.2915666823099756
9	0.28062148210021753	0.26224689076936547	0.22056672068035604	0.23656490645006095
10	0.2798545664196204	0.19466681227734112	0.24808507205268746	0.277393549250351
11	0.2965650638670063	0.21383960590667733	0.2157856728934907	0.27380965733282564
12	0.29834200602316585	0.21704107303260795	0.19087729447496038	0.2937396264692658
13	0.294056034529407	0.20343995379812654	0.23391833405646742	0.26858567761599905
14	0.3020521266537388	0.20196180868134778	0.22722811387935368	0.26875795078555975
15	0.2901848566866291	0.22053179379560786	0.20573637187392083	0.2835469776438422
