	A	C	G	T
0	0.29643974267416406	0.21471142872294305	0.20549925953927392	0.28334956906361897
1	0.29653538250878453	0.20227402019723473	0.22140611397503296	0.2797844833189478
2	0.30586134968337747	0.20200649690578826	0.2163070767080996	0.2758250767027347
3	0.29688337944748444	0.213085035677682	0.20573129188885475	0.2843002929859788
4	0.2974063549832893	0.2018413195862334	0.2208718927628811	0.27988043266759616
5	0.305556478365898	0.2000153931643208	0.21661246388229222	0.27781566458748896
6	0.29652062900678805	0.2131649934682223	0.20502921090223958	0.28528516662275005
7	0.2952041626747955	0.20178282143496068	0.22103480031289804	0.2819782155773458
8	0.3022148617493692	0.20308731989120787	0.21632595706380137	0.2783718612956216
9	0.29375780362242837	0.21159462246201077	0.20626468773026554	0.28838288618529534
10	0.29618284603100875	0.20009339069935106	0.2229588426816543	0.28076492058798586
11	0.3060450978446062	0.1977979314971173	0.21868146198744734	0.27747550867082915
12	0.29569267898216106	0.2098689785851371	0.21007480541368923	0.2843635370190126
13	0.29634100769926464	0.19843645893667075	0.22550583361722648	0.27971669974683816
14	0.3045526212020823	0.1961000407114118	0.2217535950570197	0.27759374302948614
15	0.29689576000860035	0.20758878874161293	0.21059561435129884	0.2849198368984879
