	A	C	G	T
0	0.3034720985999882	0.2146199923166862	0.20525689038083264	0.276651018702493
1	0.2971463258489208	0.20530173223467105	0.2226805919665266	0.27487134994988155
2	0.3091909706443111	0.19336790210273896	0.22774391296405022	0.2696972142888997
3	0.2847103898083926	0.23521690004701637	0.20114655091817074	0.2789261592264203
4	0.2337777836747887	0.28188351020066177	0.1910309658185905	0.293307740305959
5	0.45350335890056126	0.15140317531924022	0.14510479909805218	0.2499886666821463
6	0.2694641595033341	0.26856400535792585	0.12830593496063808	0.333665900178102
7	0.29757594766501094	0.18071770799893902	0.2591298935822953	0.2625764507537547
8	0.35402090760649296	0.12880152958634802	0.21914164829072066	0.29803591451643835
9	0.27726897630470443	0.2583625450368852	0.2260318141281816	0.23833666453022875
10	0.2715770093726846	0.19490407344628813	0.25071780751099826	0.2828011096700291
11	0.28942185582127733	0.20879362267754517	0.22606449339700632	0.2757200281041712
12	0.29200855508858603	0.21801151071959873	0.19177030356215088	0.2982096306296644
13	0.28476223436269343	0.2070591643419544	0.2306625648041572	0.27751603649119494
14	0.29929713772604133	0.19879438068915664	0.23179798511422448	0.27011049647057755
15	0.2869913044888416	0.22137096412565696	0.20648482004964056	0.28515291133586096
