	A	C	G	T
0	0.3015162336007169	0.2147124562759836	0.20668112792177454	0.277090182201525
1	0.2937532475853866	0.20538279531571324	0.22382557256888858	0.27703838453001156
2	0.3060135108906066	0.19295135415248954	0.23114857068827063	0.2698865642686332
3	0.28234162423466896	0.2378524521695858	0.20103775407167113	0.2787681695240741
4	0.2283514964265453	0.2916947870729849	0.186673429595155	0.29328028690531477
5	0.45034392250787725	0.15475752843493393	0.14888580051605915	0.2460127485411297
6	0.27136507793971076	0.26691784444983857	0.1339121810818534	0.32780489652859723
7	0.2934654957352861	0.18254469916894553	0.2625341011081194	0.261455703987649
8	0.3465950572627351	0.13273650255574154	0.2266404193951061	0.29402802078641727
9	0.2724258194204554	0.2597066264071311	0.2306304770483699	0.23723707712404363
10	0.2668607851638373	0.19469493626898682	0.2544721384651146	0.2839721401020613
11	0.2869634264007704	0.2057094831130237	0.23226122676529504	0.27506586372091085
12	0.28986760374851445	0.21585668203993497	0.19680051746224617	0.2974751967493044
13	0.2811612687179012	0.203954559294186	0.23650384191397425	0.27838033007393853
14	0.2965463464050545	0.19388043834627222	0.23958282178748036	0.2699903934611929
15	0.284350859420418	0.21769719478777452	0.21229129513822145	0.28566065065358603
