	A	C	G	T
0	0.29603166052934554	0.21623566966891347	0.20593795010446642	0.28179471969727454
1	0.29500624981341417	0.20345567737896367	0.22169656582595967	0.27984150698166244
2	0.30529721983897157	0.2013404757299994	0.21861150735807905	0.27475079707294997
3	0.29598242350847087	0.21393727861187944	0.206410850489493	0.28366944739015665
4	0.29505955386413263	0.2036309057924456	0.2213166879320408	0.27999285241138094
5	0.30388838339457674	0.19959096063677573	0.21938467569114628	0.27713598027750125
6	0.29557139389659964	0.2143386165781655	0.206157223585831	0.28393276593940386
7	0.2942558395409621	0.2028924370118753	0.2215085305950973	0.28134319285206527
8	0.30359348046462786	0.20016164280315274	0.21996565523095754	0.2762792215012619
9	0.29539469442976996	0.21326794933865337	0.2070809585556679	0.28425639767590877
10	0.2932380436894191	0.2017047777649421	0.22324221023169522	0.28181496831394354
11	0.30385074173538434	0.1975622915376791	0.22146924481745742	0.27711772190947914
12	0.29436132271925075	0.21123867451170764	0.21011089578928285	0.28428910697975873
13	0.29341647380724617	0.20070100018647766	0.22457974385499913	0.2813027821512771
14	0.30069126527461754	0.19679275757170628	0.22365704727576063	0.27885892987791555
15	0.29367252362230445	0.20878028476996835	0.2117883292684668	0.2857588623392604
