	A	C	G	T
0	0.28258311145533166	0.21703697023267607	0.21158430099428474	0.28879561731770753
1	0.2791615597490886	0.20275136149611467	0.22924724806971122	0.28883983068508556
2	0.2931178551286275	0.19634640434496606	0.23320768683988533	0.27732805368652114
3	0.28375212696202684	0.21359970343033574	0.21252028742676207	0.2901278821808754
4	0.27835270140742757	0.20178101295052922	0.23031446728228405	0.2895518183597591
5	0.29149849656959387	0.19345154291165312	0.23419785517084712	0.28085210534790583
6	0.2829885374792728	0.21446626197557755	0.2130302071120661	0.2895149934330835
7	0.27544517407576763	0.20251246858006952	0.23171053074453318	0.29033182659962964
8	0.2844739658909703	0.19866414646563385	0.2337247604122187	0.2831371272311772
9	0.275342674120626	0.2115750361241976	0.21423346745503283	0.29884882230014354
10	0.2741899600942108	0.1993086999592932	0.23687153249043344	0.28962980745606254
11	0.2903163460572055	0.1917659229399708	0.2387472582141576	0.2791704727886661
12	0.2833353250849407	0.2114269154796394	0.21720045414282185	0.2880373052925981
13	0.28205782850444006	0.19946714096546747	0.233148813867939	0.28532621666215346
14	0.29359763466693906	0.19166236749330026	0.2362700195957866	0.27846997824397407
15	0.2882004373722342	0.21090960735363293	0.21425070715000516	0.28663924812412767
