	A	C	G	T
0	0.30365330049271283	0.2109822959472222	0.2087836525206545	0.2765807510394105
1	0.29978542371957295	0.2005426431753632	0.22630214866131798	0.2733697844437459
2	0.3082942005226296	0.1948253248664527	0.2260062587192641	0.27087421589165356
3	0.29477729235341027	0.21856561872743516	0.20521313219948537	0.2814439567196692
4	0.2688927021980741	0.2370942814049648	0.20939234040145105	0.28462067599551005
5	0.3802750793036804	0.15430332670010768	0.18079108375772981	0.2846305102384821
6	0.26123467367738923	0.2599120542629373	0.15808761240798513	0.32076565965168835
7	0.30290218861939994	0.1783167364667877	0.2545244418894583	0.2642566330243541
8	0.35739217615234037	0.13516657999880607	0.21142768363550915	0.2960135602133444
9	0.2766555430451716	0.26341433874032666	0.22766332866005506	0.23226678955444668
10	0.27681892950297043	0.1970308695161587	0.2512536934483583	0.27489650753251255
11	0.29329663492909164	0.21446344542875057	0.2216615936925581	0.2705783259495997
12	0.2989629704520681	0.21704450288246838	0.19237763354988222	0.29161489311558136
13	0.2945707732509971	0.20677108332295274	0.2307586997681534	0.2678994436578967
14	0.3053440138963029	0.20096275513390616	0.22848793855979063	0.2652052924100003
15	0.2953980573746988	0.21749334118232444	0.20769878024331642	0.27940982119966035
