	A	C	G	T
0	0.28827939860178464	0.21990433600542567	0.20478817786435025	0.28702808752843945
1	0.286149397300569	0.2062529080198258	0.22187612131272944	0.28572157336687576
2	0.2990396880631208	0.20058029782066095	0.22366529283266762	0.2767147212835507
3	0.28902143654207857	0.2165884540769452	0.20605994365341923	0.288330165727557
4	0.285703213411196	0.2049638912656885	0.2225857520829308	0.2867471432401847
5	0.297699534519674	0.1975496729217023	0.22540271145740096	0.2793480811012227
6	0.2888890969957691	0.2166174110540241	0.20623861436305493	0.2882548775871519
7	0.28331222965273317	0.20506074311242897	0.2242652567535064	0.2873617704813315
8	0.29220017329826625	0.20045917140164585	0.22611135645816985	0.28122929884191805
9	0.2831862976077347	0.2132107151165771	0.20868258322851319	0.29492040404717496
10	0.28106455212551607	0.2014318793891384	0.229626733475547	0.28787683500979855
11	0.29557396918090445	0.19434136308254044	0.23104537891005444	0.27903928882650064
12	0.2877644572944966	0.21165159753794227	0.21193697778864315	0.28864696737891793
13	0.2853215974196499	0.2002691643435367	0.22906287336017256	0.28534636487664083
14	0.2958246010591107	0.192820567290593	0.23185617426826335	0.27949865738203294
15	0.2897167736555091	0.2105008349467093	0.21186168964823804	0.2879207017495436
