Codon	Nucleotide	Frame	SRR1944912	SRR1944913	SRR1944914	SRR1944915	SRR1944916	SRR1944917
-15	-45	0	0.17339596116995196	0.18090861100253075	0.17962526777999535	0.17017837817829123	0.17855423303770177	0.18736401464134192
-14	-42	0	0.17950176434460197	0.18246479406822674	0.17370842501332337	0.16730225209168392	0.17220650125865358	0.17678049500222526
-13	-39	0	0.1697623446067771	0.17376601028483013	0.17353465576907456	0.1614362291080814	0.17262048376598282	0.18355733128979462
-12	-36	0	0.1921834732933995	0.19073958785468229	0.19183255718847433	0.17792844578191822	0.18720186763524557	0.20266594179274677
-11	-33	0	0.168302261238926	0.1739430610527836	0.16610602057743792	0.1588877629553914	0.16710582789674538	0.16649775034397163
-10	-30	0	0.17830162006117892	0.18011654177747585	0.17226614028605824	0.1716255428864259	0.18041970976825936	0.18007962057356625
-9	-27	0	0.17811357902137992	0.182255128685124	0.1784957676923781	0.18001272702822538	0.18200408726544529	0.18652748422581672
-8	-24	0	0.1717920817128428	0.17518707565919325	0.17273531724553004	0.16445798183198526	0.16936484355402337	0.17876373003229065
-7	-21	0	0.17021585534982175	0.17910548870784704	0.1653327474405307	0.16798942778642714	0.17420486126316878	0.17062400711268585
-6	-18	0	0.16959089542343092	0.17692962795431394	0.16468980123681012	0.16335668038742995	0.16848065869269058	0.16893214784533148
-5	-15	0	0.1969453360953684	0.19429458090595791	0.198453165394354	0.17603074866464724	0.17859512019891943	0.18680946077037575
-4	-12	0	0.11266976655250896	0.1188709537577925	0.12843284842429578	0.12431053826228651	0.13356302301277365	0.14847944914664785
-3	-9	0	0.15042730122038542	0.1627469295950963	0.15979819701120612	0.16408026274149728	0.16766802636348876	0.17633873174908274
-2	-6	0	0.16865622084325355	0.174558079509885	0.16650568983921019	0.17066076641433614	0.17206850708954388	0.17538941071573394
-1	-3	0	0.18473372974606836	0.19026434631964934	0.17257023646349368	0.16996903988717743	0.17731228551571407	0.17221247498036854
0	0	0	0.1302184200608101	0.13746594362363931	0.13200380639360887	0.13136887933875474	0.13399744910071168	0.13164544943647208
1	3	0	0.26216239319271706	0.2735108218729154	0.2325901334270328	0.2374487829444766	0.24206221619909637	0.22622038248158008
2	6	0	0.1363186926166425	0.14642098509749488	0.1338978911559209	0.1449713174287377	0.1453283036531672	0.1397851723560769
3	9	0	0.156466736969224	0.16128859037484822	0.15536708128286142	0.15574313775626852	0.16211759422818584	0.1621365131214582
4	12	0	0.13731973462263133	0.14900685815576223	0.1335503526674233	0.15911985540858278	0.1461358250872168	0.14509573061193914
5	15	0	0.18997675638517	0.19412218936874012	0.1928838611161796	0.21038043173697624	0.22084177952710937	0.20321109644556093
6	18	0	0.1614996000932562	0.16486687957980198	0.14280356492367244	0.18716663558541952	0.1711638786476022	0.16565182071029444
7	21	0	0.16572499286991615	0.1734212272103945	0.16974648624445055	0.1560935518522634	0.16693205746157014	0.1727858272876386
8	24	0	0.14721401168734946	0.1572769927114821	0.14616599979988693	0.14595429723048953	0.14954990304889487	0.15182557080874864
9	27	0	0.13848669519314868	0.1453214066438893	0.1346711642928281	0.1396559451674128	0.14290062845586615	0.1416650159864706
10	30	0	0.1483699110202316	0.1518163742893392	0.1443153573486371	0.1484117467348692	0.15444102970956236	0.15113002866550296
11	33	0	0.15330875362436425	0.15826940885816854	0.14819041149538556	0.14962226815739696	0.15414459779073403	0.1538746003658778
12	36	0	0.16147747761798573	0.16402821804739096	0.1605540932236884	0.15495584374838392	0.1664822986881754	0.16818960961132598
13	39	0	0.15621232850361358	0.1637673011261964	0.15631412366401748	0.1599162510812984	0.15968480813573258	0.1651254644937842
14	42	0	0.1651608697505191	0.1718091333758711	0.15929426620288456	0.16536814831508886	0.16814845050779675	0.16943030640738582
15	45	0	0.16205266197501794	0.16674920879699118	0.1632735818961823	0.15920632122447761	0.16386552037024252	0.17061460789453384
