Codon	AA	Abbr	count	SRR1944912_valid_codon	SRR1944913_valid_codon	SRR1944914_valid_codon	SRR1944915_valid_codon	SRR1944916_valid_codon	SRR1944917_valid_codon	SRR1944912_rpf_count	SRR1944913_rpf_count	SRR1944914_rpf_count	SRR1944915_rpf_count	SRR1944916_rpf_count	SRR1944917_rpf_count	SRR1944912_absolute_total_ps	SRR1944913_absolute_total_ps	SRR1944914_absolute_total_ps	SRR1944915_absolute_total_ps	SRR1944916_absolute_total_ps	SRR1944917_absolute_total_ps	SRR1944912_absolute_valid_ps	SRR1944913_absolute_valid_ps	SRR1944914_absolute_valid_ps	SRR1944915_absolute_valid_ps	SRR1944916_absolute_valid_ps	SRR1944917_absolute_valid_ps	SRR1944912_relative_total_ps	SRR1944913_relative_total_ps	SRR1944914_relative_total_ps	SRR1944915_relative_total_ps	SRR1944916_relative_total_ps	SRR1944917_relative_total_ps	SRR1944912_relative_valid_ps	SRR1944913_relative_valid_ps	SRR1944914_relative_valid_ps	SRR1944915_relative_valid_ps	SRR1944916_relative_valid_ps	SRR1944917_relative_valid_ps
GCA	Ala	A	37932	11917	15379	10701	16145	15201	11589	47267	58884	30086	63529	57084	32169	0.9224308513266901	0.9362836756683586	0.9280900243531611	0.9383024150853057	0.9568125136893219	0.9860661002429965	1.2753188166104392	1.2944712197642578	1.2831429801634389	1.2972622543014949	1.3228536327913456	1.3632985608112458	0.6060853812636889	0.6483236038473925	0.6272173301190266	0.6276713359528001	0.66642927369191	0.673270024975693	0.6846358889069428	0.7070654685649225	0.6985071947533584	0.6757220594546646	0.7301872617087536	0.7248115084864728
GCC	Ala	A	28862	11263	13700	10593	13552	13170	11259	139717	167899	93645	147301	139936	93190	0.8725468710780968	0.8664573073619052	0.9222330729457616	0.7808774379152883	0.8382602937872329	0.9535584916441436	1.1577532085810975	1.1496731705167023	1.2236801651048441	1.036120109098522	1.1122594979444242	1.2652448136186683	0.5733089935871115	0.5999727846240418	0.6232591134288447	0.5223629149746228	0.5838564930545882	0.651074354271816	0.6215225453965099	0.6279739453426798	0.6661372992851026	0.5396975142388818	0.6139437478051619	0.6726802391824752
GCG	Ala	A	14352	3485	4635	3078	5047	4608	3493	10780	13481	6942	14854	13303	7969	0.6809435000488545	0.6795775626161609	0.6789953746881567	0.6851491712614972	0.6963563449453073	0.7467825641758238	1.0480322909062907	1.0459299923503635	1.0450339536219224	1.0545051909860599	1.071754022804831	1.1493644355014931	0.44741554367198255	0.4705691084217906	0.4588753837451191	0.45832610972610577	0.4850190048239054	0.5098910869262894	0.5626205069214335	0.571307394738368	0.5688872921032402	0.5492739937480147	0.5915855811544931	0.6110712607228247
GCT	Ala	A	48072	19636	23478	17796	23827	22676	18632	378933	448866	229431	387321	366906	226698	0.8614017225555096	0.833760423679277	0.8551219242108978	0.8010620274041363	0.8086697817052877	0.8583998076043131	1.1336007995479882	1.0972249743247886	1.1253366131201588	1.0541940316288878	1.0642058021335539	1.1296502929495618	0.565986047285134	0.5773320380056963	0.5779043801312431	0.5358652656522264	0.5632464119856176	0.5861015400108222	0.6085566847722814	0.5993257159733363	0.6126018167388365	0.5491119160794864	0.5874191227904614	0.6005900368645087
TGC	Cys	C	10188	2363	3050	2140	3246	3056	2276	7761	9608	5145	10506	9086	5468	0.785451828159492	0.7186574830976219	0.7637089218639675	0.7157448134038054	0.7177793320331333	0.7561293157918709	1.2515144237236322	1.1450863994054696	1.2168699555755553	1.1404454424394697	1.1436871809123494	1.2047928478710637	0.5160829888220076	0.4976297477803954	0.5161260851752484	0.47879286678550265	0.49994032485367956	0.5162728981379586	0.6718568555611756	0.6254685613561943	0.6624300114555108	0.5940388233031753	0.6312911649338261	0.6405403383977047
TGT	Cys	C	17784	4057	5468	3827	5683	5152	3963	36561	44966	23138	43105	37704	21812	0.5017326361871335	0.5040595844608703	0.49997449994282517	0.5099444096263973	0.4603647026023836	0.5112346306587391	0.8435255437655494	0.8474376678060236	0.8405697208341087	0.857331384079774	0.7739767319985621	0.8595005361727185	0.3296646200184564	0.349032814353205	0.3378903584275618	0.34112401684776966	0.3206485178645115	0.3490627580313606	0.4528341093614129	0.4628870093967429	0.4575826753302739	0.4465694785804386	0.4272188067940703	0.4569621784076201
GAC	Asp	D	48206	17421	21610	15654	21992	20715	16396	254679	301475	156940	269534	258660	152597	1.0540836990708116	1.0215851652894172	1.0185165388923885	0.9526689199298283	0.9765328878914582	1.0221752112907074	1.4170266543240901	1.373338199000018	1.3692129806700264	1.2806926560734349	1.3127734848628136	1.3741314101196307	0.6925881974961293	0.7073900712032376	0.6883289416362314	0.6372817165121575	0.6801647071947474	0.6979247434483709	0.7607096284099973	0.7501441533407711	0.745361298727507	0.66709123480693	0.7246232329824441	0.7305709027043797
GAT	Asp	D	91971	29979	38260	27522	40024	36664	28326	200016	245462	129213	242418	212706	124242	1.0425995739684075	1.033087215089833	1.0789819462149834	1.0033624331712456	0.9862335631189907	1.0259286253615407	1.4388446711199738	1.4257170934535814	1.4890543429218108	1.3846952619358768	1.3610564805548473	1.4158378464823953	0.6850425258274513	0.7153545915425616	0.729192381981762	0.6711928145428373	0.6869213223661755	0.700487514021856	0.7724223053725605	0.7787545287467738	0.810599588657794	0.7212644405631256	0.7512744266878799	0.7527445526462546
GAA	Glu	E	110737	43497	54345	38732	59044	54686	42420	605097	754242	357003	767396	701335	374664	1.2924661247729825	1.3036602095927734	1.2217455213109523	1.4018383179267415	1.3750642882981854	1.3284914438826456	1.6334979257571018	1.64764569642853	1.5441168914311092	1.7717292087499552	1.737890548668951	1.679028932653479	0.8492179363654052	0.9027111197600441	0.8256741736833255	0.9377506821432497	0.9577457253321349	0.9070725252419162	0.8769190024191214	0.8999762672100033	0.8405741019347959	0.9228639049373468	0.9592788721488604	0.8926727632902535
GAG	Glu	E	46491	16747	21525	14671	22878	20845	15771	78842	100132	47551	109506	92903	49950	1.3359309459171922	1.3549927520231468	1.2777262379429095	1.3549905454494067	1.3304731817588449	1.2917702233222914	1.723185240036517	1.7477726058959608	1.6481083852122134	1.747769759689492	1.7161454011361557	1.666223384637146	0.8777766003095457	0.9382560083103568	0.8635067919667917	0.9064121675401638	0.9266875835133705	0.8819998682692092	0.9250662996561856	0.9546675412048315	0.8971841662239666	0.9103838314527046	0.9472760100492035	0.8858645637941789
TTC	Phe	F	42039	15662	19347	14214	19576	18766	14111	224850	267306	139388	240708	231303	125012	1.0027845049005917	0.9978857508817329	0.9965270423790753	0.939928075947547	0.9814450020653736	0.9089230700927924	1.3313980924585784	1.324894011348172	1.3230900525715803	1.247943542455198	1.3030656110231575	1.2067781620071028	0.6588819401517876	0.6909795642627052	0.6734681060148653	0.6287588112793093	0.6835860427587982	0.6205980085427891	0.7147412118814696	0.7236829916569003	0.7202532650805062	0.6500327730918427	0.7192646916893798	0.6415958507961816
TTT	Phe	F	60009	17121	22545	15608	23838	21987	15573	75451	96844	50386	99655	89320	46675	0.9111152028812978	0.9005494043399865	0.9167314462050757	0.9032686224536682	0.9037698285198827	0.8356981076098962	1.309520794445866	1.2943348631212457	1.3175928663374303	1.2982431204450608	1.2989634901238178	1.201125879947362	0.5986504075825642	0.6235796377070741	0.6195410305435023	0.6042357068090832	0.6294845246983617	0.5706011855026758	0.7029967106816644	0.7069909879026943	0.7172607504544559	0.6762329761088585	0.7170004076050048	0.6385907577051467
GGA	Gly	G	25342	7755	10111	6794	10407	9567	6887	30892	38264	19558	36832	33916	18722	1.1327232939514982	1.1332667197931323	1.0890769479183797	1.0410364852970917	1.041226898873069	1.0176085421481675	1.591830184401867	1.5925938675205211	1.5304934294985626	1.4629815677035933	1.463249158278784	1.4300579867531116	0.7442585300496563	0.7847232446641988	0.7360147374104438	0.696394628210167	0.7252247185698605	0.6948066954322227	0.8545502968296391	0.8699058827874852	0.8331578698200239	0.7620424587202503	0.8076826261018029	0.7603048344633013
GGC	Gly	G	22801	8110	10177	7300	10188	9731	7712	43250	54939	27072	50853	46241	27318	1.1299944470090042	1.129486470284668	1.1426984494696435	1.0012201469097757	1.0370083439278344	1.09406089313308	1.5086663184361344	1.5079881138869138	1.525627552778858	1.3367385273269585	1.3845196890677216	1.4606910893738938	0.7424655346861849	0.7821056352275926	0.7722529623212192	0.6697597459946679	0.7222864537917986	0.7470071272738386	0.8099050155409061	0.8236925673248753	0.8305090224584746	0.6962845852044975	0.7642256221566983	0.7765912341987912
GGG	Gly	G	14131	4583	6161	4133	6267	5846	4482	18188	23735	11532	24436	21086	11986	1.1051271381767553	1.1931985722084928	1.0992926014292912	1.120114527069975	1.1154640081164349	1.1311632295067495	1.4881409938608472	1.6067361372096638	1.4802843292164392	1.508322696972157	1.50206040582174	1.5232006476233924	0.7261264103681739	0.8262226700551628	0.742918631162562	0.74929337314157	0.7769315912185887	0.7723400039753104	0.7988863011201044	0.8776306667700493	0.805825438180419	0.7856598893097583	0.8291056149075202	0.8098250749084016
GGT	Gly	G	54876	24206	29116	22411	29404	28071	23094	487208	588703	299867	508348	477604	273700	1.049773590713552	1.0399878344104632	1.0310944574424428	0.9799197004203926	0.9593681154657452	0.9820642175167765	1.3275424151725326	1.3151673595683409	1.3039208057936924	1.2392052698591847	1.213215760342403	1.2419172235896814	0.689756230565231	0.7201328809680783	0.6968292899692694	0.6555109499887802	0.6682092753237245	0.6705376040128712	0.7126713490270296	0.7183701044383443	0.7098180626133176	0.6454811540687226	0.6696694720768493	0.6602778893199457
CAC	HIS	H	17785	3219	4217	3042	4319	4173	3129	29552	34959	20450	30372	30209	19546	0.2833372155424992	0.29463179852775534	0.3085868515936666	0.2781282576206428	0.29663685976116255	0.3060567581387476	0.5717862678342617	0.5945792053575546	0.6227410819917577	0.5612743744222322	0.5986255021958784	0.6176352483260668	0.18616739028327295	0.20401589218480976	0.20854767973754765	0.18605210028272404	0.20661047401922866	0.20897061682302545	0.3069549313041075	0.3247707774543344	0.3390028492259901	0.2923583685150333	0.33042863201357764	0.32837204476123205
CAT	HIS	H	32064	5053	7077	4683	7470	6713	4944	19552	25568	13362	24837	22698	12739	0.3618616993698628	0.3690667524161235	0.3856042964399192	0.3797686310002542	0.3548273010732656	0.387458068361017	0.7322646594253885	0.7468448311436153	0.7803102657651986	0.7685011918202683	0.7180298252832558	0.7840615654103913	0.23776208884587183	0.25555789682637614	0.26059723835953974	0.2540437711132015	0.2471406855127088	0.26455011819001883	0.39310536274630936	0.40794123686582984	0.4247791112939503	0.4002993275324788	0.39633729609411206	0.4168542843859526
ATA	Ile	I	41598	10696	14572	9689	15968	14484	10160	30240	39430	20585	46801	39484	21126	0.9967841298881568	1.0068936792047278	1.0269842684453965	1.0867523158845405	1.060473498846416	1.0353394334849875	1.4417826153582374	1.4564054128293151	1.485465127396349	1.5719156728733654	1.5339050942318306	1.4975503235198897	0.654939379501408	0.6972170462410108	0.6940515618379831	0.7269759376022003	0.7386301636886949	0.7069130619833498	0.7739994969257037	0.7955170883059	0.8086457199878067	0.8187843994081061	0.8466832102315527	0.796187819914482
ATC	Ile	I	39776	15906	19529	14369	20041	19019	14570	270697	316623	161788	301671	280661	151276	1.1407504902258807	1.1252098611166526	1.0884552262680283	1.107503134636409	1.1220290728512585	1.0527215314963816	1.4670058680641653	1.4470206089807944	1.39975412479913	1.424249747277653	1.442930113214732	1.3538005702166207	0.7495328184230777	0.7791443247400682	0.7355945684792214	0.7408570636855384	0.7815042230146538	0.7187812780789821	0.7875402240070657	0.7903909251056453	0.761987044447178	0.7418677057912546	0.7964669424403005	0.7197618054438876
ATT	Ile	I	71084	26693	33732	24396	35008	32729	24678	269465	332322	171830	335732	302253	162362	1.220118940385248	1.230990588699918	1.2225067106679457	1.220732565003091	1.2244535799507212	1.1588714509360378	1.577643197059481	1.5917005003573435	1.580730641584725	1.5784366284798494	1.5832479904905334	1.4984487170229615	0.8016820470681976	0.8523915085868083	0.8261885970083054	0.8166011592828714	0.8528438939511802	0.7912587305486424	0.8469342242338619	0.8694179081904541	0.8605056047404652	0.8221810553559803	0.8739194466607452	0.7966654599332526
AAA	Lys	K	99772	33462	44107	30627	51454	45885	35964	193312	248004	122857	315794	267923	151432	1.1461661073501028	1.2018564622185464	1.1658223018670673	1.4948944795463217	1.3967239057875678	1.464592308678225	1.4719623738564591	1.543482641667016	1.497205816806511	1.9198163448273966	1.7937409096298988	1.8809008202119202	0.753091162514444	0.8322177702570599	0.7878804128725675	1.0	0.9728318607509079	1.0	0.7902010502293263	0.8430803718068468	0.8150370233352466	1.0	0.9901070916318184	1.0
AAG	Lys	K	73491	28726	36059	26557	37585	34149	27087	568279	700607	347507	665079	578256	323443	1.0774434801367363	1.1054227825060936	1.0806334889153204	1.116392538936703	1.0424469205066629	1.0324896806009076	1.3933047220963657	1.429486382509068	1.39742990766449	1.4436720114694617	1.3480486388876944	1.3351723538337679	0.7079367971155095	0.7654428895364139	0.7303085196148594	0.7468035732364947	0.7260744755698283	0.7049672966893535	0.74797486283939	0.7808133880643718	0.7607218055643621	0.7519844360942018	0.7440943728616396	0.709857925248464
CTA	Leu	L	31731	9743	12594	9066	13206	12506	9466	54391	67343	36350	67129	63270	35779	0.9955117823521624	1.013743024961386	1.0719168393866323	0.9792577701894433	1.0226354252361622	1.0490040851805187	1.3891198050051217	1.4145593634586515	1.4957340910544077	1.3664392394846625	1.4269676639476105	1.4637620328435812	0.6541033805315731	0.7019598316172309	0.724417675514065	0.6550681560391028	0.7122755753516844	0.7162430657083204	0.7457282525052142	0.7726599586500954	0.8142358569473691	0.7117551859407228	0.7876560076311864	0.7782239324445931
CTC	Leu	L	12019	3443	4423	3155	4567	4386	3326	11140	13384	7470	13643	12935	7567	1.169427692459993	1.0901621329826907	1.1879213987908688	1.041795783873743	1.122408421411196	1.1594103347726217	1.6615854634917429	1.548960713597229	1.6878623113922984	1.4802392157912896	1.594777966301119	1.647352265472531	0.7683752422477359	0.7548757510150658	0.80281531811546	0.6969025560853718	0.7817684429967906	0.791626671738413	0.8919973782053991	0.8460726017127954	0.9188250931399571	0.7710316769515639	0.8802837497521875	0.8758315418709449
CTG	Leu	L	24558	7049	9158	6319	9784	9213	6913	23789	28931	15747	32451	29270	16636	0.9951279590074793	0.9870144641293954	1.00655309432751	0.9779081261777495	1.0028259409645168	1.0297020947277506	1.4191018185532591	1.4075315725039017	1.4353946280991225	1.3945454829959452	1.4300795225716627	1.468406250643058	0.6538511884915241	0.6834518117354569	0.680243864152245	0.6541653204007617	0.6984780758139112	0.703063978027471	0.7618236493811934	0.7688212419381847	0.7813887388526639	0.7263952548134616	0.7893736878576274	0.7806930779463499
CTT	Leu	L	27757	7614	9753	6865	10244	9718	7047	27684	33610	19600	35490	32967	18834	0.932432714614758	0.9186988790314723	0.9708519623721344	0.9089509153845975	0.9428674104939956	0.9339250476547292	1.375846358008113	1.3555814666410693	1.4325356839786598	1.3411979083731793	1.3912432205348668	1.3780483624485385	0.6126571292874863	0.6361471246191166	0.6561164971084238	0.6080368399383284	0.6567163729291617	0.6376689554635064	0.7386026004209699	0.7404450792371009	0.779832409535968	0.6986074016854781	0.7679368695005545	0.7326533901416845
TTA	Leu	L	62901	21807	28236	20268	29651	27228	20034	143463	183065	93563	187434	166828	85795	1.175798241409178	1.2100319562070603	1.2260671825661607	1.2123242570211359	1.1950456386155794	1.1213636245005774	1.545091298449427	1.5900770902162304	1.6111486379049047	1.5930893536441906	1.5703838910848509	1.4735599336643368	0.7725610265622703	0.8378788384392883	0.8285948179775682	0.8109764760045527	0.8323609751929537	0.765648991774778	0.8294592228849947	0.8685311698570146	0.8770643122330007	0.8298134131092728	0.866818735526465	0.7834330858010427
TTG	Leu	L	64433	27376	33549	24810	34460	32438	24621	538858	650332	320086	603902	562392	283108	1.3072949042304354	1.3017517684446427	1.248531747979391	1.253044936003727	1.2543508124139502	1.128796925681282	1.6281299784343521	1.6212264515268608	1.5549452241680086	1.560566034512296	1.5621923978712704	1.405825195462	0.858961221120267	0.9013896319726986	0.8437767123747101	0.8382163110161511	0.8736676087655303	0.7707243298990188	0.8740372999467279	0.8855455595277328	0.8464687437953188	0.8128725639392348	0.862297204307392	0.7474212251678461
ATG	Met	M	43900	13850	17577	12121	19062	17248	12843	116368	142632	73503	147758	129581	72583	0.8951213980329668	0.892997692910924	0.8655515163695282	0.9511777809473302	0.9046260124324297	0.8758132751291937	1.2466555430870607	1.2436978115792507	1.2054729091279557	1.3247265183080421	1.2598928316291889	1.2197646895140257	0.5881416401281627	0.618350503742509	0.5849528568698286	0.6362842287276347	0.6300808651671806	0.5979911747041765	0.6692484379479601	0.6793320411230146	0.6562257777374784	0.6900277320157638	0.6954342294336887	0.6485002698741954
AAC	Asn	N	58467	18999	24005	17190	24332	23053	17335	247773	298482	153361	268053	258448	146434	0.9002334381900093	0.905531248214541	0.9130524263178925	0.8351213902983742	0.8790922479265805	0.875843057203513	1.2681962371552726	1.2756594821906746	1.2862548781902083	1.1764701907470554	1.2384137642947108	1.2338364943622822	0.5915005182523714	0.6270292834271607	0.6170546930433206	0.5586490563212335	0.6122963484611433	0.5980115094240455	0.6808122383396605	0.696790130002812	0.700201225110568	0.6128035079588966	0.6835782379828989	0.6559816876592496
AAT	Asn	N	86303	23071	30906	20912	32720	29743	21279	86783	111104	57302	114792	100622	55118	0.8879964008172816	0.9087269874274396	0.9103280868436976	0.9022922969009274	0.8904668437269867	0.8734682116904052	1.2985318611226042	1.3288465416644129	1.3311878558892478	1.3194369870114326	1.3021444307528236	1.27728704926492	0.5834601437886155	0.6292421524724143	0.6152135430616328	0.6035826001409542	0.6202188656830127	0.5963900032212367	0.69709746569608	0.7258419409308586	0.7246614830005138	0.6872725042509512	0.7187562196389112	0.6790826159143302
CCA	Pro	P	41821	17579	21373	16095	21047	20477	16519	319986	379250	200886	318105	320075	190355	1.2489030544300104	1.238422218009974	1.242494087227166	1.0948213910085642	1.1815978375955705	1.180462164896668	1.5775280026372729	1.5642893346037368	1.5694326383136703	1.382902696951559	1.4925127054904814	1.491078202245418	0.8205947175519158	0.8575374924611017	0.8396963695654935	0.7323736932528015	0.8229944502590754	0.8060005217165309	0.8468723838261	0.8544453939610421	0.8543552873610463	0.7203307236536162	0.8238354860076307	0.792746850988889
CCC	Pro	P	16118	3938	5067	3652	5005	4889	4011	12032	14320	8248	13481	13154	8886	0.7406760500015964	0.7305795286964524	0.8347190452167642	0.6395234685936462	0.7127014270200717	0.8353908239136058	1.1570281618458742	1.1412561391286509	1.303935023338225	0.9990152419841432	1.113328319510517	1.3049844252606606	0.48666295745903315	0.5058850915065896	0.5641158047197564	0.427805090823355	0.4964035143486803	0.5703913771522772	0.6211333148687365	0.6233763983663925	0.7098258022474045	0.5203702138883294	0.6145337147321558	0.6938082068110474
CCG	Pro	P	12409	3354	4458	3016	4595	4393	3336	10029	12638	6466	12990	12195	7156	1.0577571927990548	1.0635083496255087	1.079889493245081	0.978284890273035	1.065368648765379	1.1763332199863794	1.525713007723291	1.5340084982567634	1.5576367222687681	1.4110818555617914	1.536691800828733	1.696747521424036	0.6950018752733306	0.7364195103143396	0.7298057160444484	0.654417354307128	0.7420396834832562	0.8031813447443298	0.8190562764813286	0.8379054095926685	0.8479339201763688	0.7350087727733439	0.848221413407428	0.9020930307387841
CCT	Pro	P	31714	8920	11391	8203	11358	11187	8653	43132	51615	28845	47853	47101	28518	0.7667710456962976	0.7458556667254695	0.8014679599290094	0.6793556535136387	0.7468871833426644	0.8000264277795505	1.1475332425658242	1.116231731137348	1.1994599066201974	1.0167092254037817	1.1177754769727364	1.1973025402576878	0.5038087363452772	0.5164629549439423	0.5416442164142135	0.4544505734744656	0.5202142279740997	0.5462451380081079	0.6160361090432362	0.6097075778536021	0.6529524671410208	0.5295867118451845	0.616988451710784	0.636558040377051
CAA	Gln	Q	64714	16983	22277	15312	25579	24086	18353	139078	172736	87240	209605	198153	114630	0.5997313948660303	0.6042669022681848	0.5912860444283741	0.7468768933478305	0.7609217806260563	0.7508962703936691	0.9075840677071367	0.9144477308276621	0.8948035703560975	1.130261938500842	1.1515163134353206	1.1363445324756425	0.39405493711576667	0.4184207264796694	0.3996000866203489	0.4996184704451491	0.529989462244464	0.5126998591651372	0.4872229726868819	0.4994892149039371	0.4871060680276761	0.5887344076146301	0.6356126807060891	0.6041490972116281
CAG	Gln	Q	28878	7927	10266	7177	11437	10629	8348	25849	31304	17225	37134	33272	20461	0.8984102169471802	0.8538900515911422	0.8938759924224243	0.9459645214166427	0.9436118446907763	1.0578037238114097	1.2880052745370933	1.2241789658863627	1.281504786237143	1.3561814749277568	1.3528085613354635	1.5165196810914905	0.5903025664053588	0.5912706692678631	0.6040949678512495	0.6327968524599334	0.6572348786280046	0.7222513170003353	0.6914464246620571	0.6686704662923267	0.6976154077416155	0.7064120891468324	0.7467217495055307	0.8062730712832721
AGA	Arg	R	50039	19388	24187	17445	24576	22959	17970	378923	462363	220947	423939	381358	205242	1.1677402364575158	1.1691407247490733	1.1377329850703273	1.1284413995335398	1.0986467801272524	1.0892788396823971	1.51671624408674	1.5185352645119525	1.4777414068768733	1.4656730561624036	1.4269743954251597	1.4148068713451023	0.7672664952742841	0.8095639684553857	0.7688972260869991	0.7548635806562113	0.7652182274466959	0.7437420183268999	0.8142264980844517	0.8294536270416576	0.8044411422934091	0.7634444097277319	0.7876597232645997	0.7521964242568073
AGG	Arg	R	22011	6650	8818	5739	9355	8617	6295	21743	28495	14045	31226	26699	14843	1.1668564154171241	1.1725583727167996	1.1104763194080602	1.1861401978257973	1.1735641470177767	1.1521468697003863	1.596747066194984	1.6045497259477448	1.5195955403475794	1.6231353369190937	1.605926045384413	1.576618262292521	0.766685778560978	0.811930496789372	0.7504767575806716	0.7934608188437309	0.8173989061997894	0.7866672949690575	0.8571898514988222	0.8764364062258357	0.8272253633906806	0.8454638597553057	0.8864372539172451	0.8382250915892973
CGA	Arg	R	6531	847	1290	664	1269	1300	763	1745	2286	996	2240	2249	1114	0.5533170721018792	0.5828957710983269	0.4626582137282148	0.4995488637974902	0.5956979832280447	0.5283366146943199	1.1504978662519494	1.2120000894756997	0.9619932486020283	1.0386990224327948	1.2386193977912638	1.0985566477454962	0.3635582961283725	0.4036224242787397	0.31267144561164406	0.3341699836560343	0.4149094714195018	0.360739716823405	0.6176276230601151	0.6620181260746216	0.5236822519709244	0.5410408267600099	0.6836917433292513	0.5840587849930984
CGC	Arg	R	5719	1485	1993	1364	2010	1935	1515	4548	5980	3134	5892	5447	3316	0.8644313016435712	0.9149515956607978	0.89743229790883	0.8407495965429114	0.8920363532914563	0.976545758719128	1.2985769934593074	1.3744702326199376	1.348152170144628	1.2630015609742342	1.34004620553555	1.4669990002928008	0.5679766394189676	0.6335523423724019	0.6064983730961507	0.5624140085112004	0.62131204444493	0.666769689375501	0.6971216943180174	0.7507624922189777	0.7338963817956041	0.6578762413275453	0.7396771986924314	0.7799448990231791
CGG	Arg	R	3744	353	483	329	582	503	359	866	1080	619	1145	1018	625	0.3941570738924851	0.3364944123614691	0.36151429520831246	0.3602567642270006	0.3279823260640576	0.35620544355602873	1.0379562072524133	0.8861098459230241	0.9519961243275898	0.9486845965780691	0.8636944856662234	0.938016023776678	0.2589818413643887	0.2330033896414657	0.24431684975652332	0.24099143394812267	0.22844289786705832	0.24321133017385524	0.557211311668275	0.48401050857017586	0.5182400967781733	0.49415382837745436	0.4767411116457539	0.49870573381481764
CGT	Arg	R	14628	4745	5971	4353	6028	5688	4521	48391	57569	30268	52773	50186	27563	0.7121611937551399	0.7183532576438092	0.7114490522278761	0.6822761571350611	0.6916759546364362	0.7175014866900267	1.0297018822032407	1.0386548831485263	1.0286722087564864	0.9864916108106824	1.0000826197906285	1.037423321864358	0.46792720345107	0.49741908882336816	0.48080807178709384	0.4564042254956495	0.4817590671981853	0.489898439612565	0.5527801003556504	0.5673335879683767	0.5599804152517063	0.5138468653361601	0.5520244806574288	0.5515566321819521
AGC	Ser	S	22550	6830	8899	6099	9226	8707	6577	31348	38277	19994	37899	35626	20579	1.139713770430947	1.1204666698282004	1.1544858934820394	1.064410819909045	1.1517209082847364	1.2113232161456768	1.5694989632499452	1.5429937957023463	1.589841642627175	1.4657993275694026	1.5860339836226445	1.668112276280001	0.7488516392200271	0.7758599324668912	0.7802190959595323	0.7120307382712912	0.802184876788939	0.8270719496259541	0.8425621137615353	0.8428133545910232	0.8654653791989173	0.7635101823769435	0.8754572560191267	0.886868812196092
AGT	Ser	S	33419	10112	13212	9167	14121	12886	9834	41977	52057	27171	54890	47634	27528	1.0640456247648564	1.0720304966256065	1.102497400454633	1.0952553693210867	1.0585732104360874	1.1293337189740522	1.4656393015421951	1.4766378355754324	1.5186036034042283	1.5086282741464592	1.4581014804865058	1.5555685250347808	0.6991337044289383	0.7423206161428446	0.7450844830039757	0.7326640002399905	0.7373065942255226	0.7710908436992003	0.786806603148239	0.8065684328632492	0.8266853806277432	0.785819059313246	0.8048412166985786	0.8270337852580211
TCA	Ser	S	43706	13493	17325	11800	17718	16931	11983	51440	63711	32999	63064	59818	31472	1.1518775942803112	1.1105492219651767	1.1146617522363977	1.0344640405366061	1.1208235112019838	1.0435000471171112	1.6066367364166358	1.548991999208872	1.5547281488190203	1.4428685289833385	1.5633225588190172	1.4554719342364915	0.7568439085644045	0.7689926595381665	0.7533053366356097	0.6919980337679423	0.7806645375351872	0.7124849973156393	0.8624989734807221	0.8460896905250596	0.8463505740391685	0.7515659155996306	0.8629210292773428	0.7738164174294443
TCC	Ser	S	32990	13000	15821	12110	15505	15108	12104	185316	215963	122470	180516	180521	106666	1.17833257772974	1.1244762649909452	1.2232668026097764	0.9875316998837262	1.0801046811494122	1.1119851631711342	1.5375229102283796	1.4672496136554714	1.596154404860836	1.2885603282507665	1.4093522695534195	1.4509508576124555	0.7742262182597174	0.7786363508253809	0.8267022786834557	0.6606029478304231	0.7523034741614584	0.7592455296823768	0.8253962465297322	0.8014404026455997	0.8689018706165906	0.6711893727348258	0.7779326820282828	0.7714127411826943
TCG	Ser	S	19879	6049	7810	5374	8043	7816	5623	20985	25874	13407	27043	25153	13785	1.0897686384022731	1.0730726283600838	1.1162588747452886	1.0313461666610237	1.1008435238782839	1.0573595371239637	1.518434903119001	1.4951714291140465	1.5553452142049198	1.4370316427458112	1.533866153443359	1.4732775102325137	0.716035071621137	0.7430422335536124	0.7543846962770386	0.6899123521909198	0.7667482809540882	0.7219480334962407	0.8151491345569593	0.8166918437197367	0.8466864871979882	0.7485255798647809	0.8466617157388908	0.7832829325187494
TCT	Ser	S	54863	20285	24965	18547	24887	23914	18612	263972	311600	169498	258534	255701	149646	1.1575646695125148	1.121447539721481	1.1650059626808962	0.9985229817545851	1.0722191578857208	1.073441633935423	1.5452691241292789	1.4970552428765296	1.5552027381031197	1.3329594225510195	1.4313387429822448	1.4329706643291427	0.760580614850223	0.7765391295100984	0.7873287184556614	0.6679554947969452	0.7468111300855647	0.7329286297455635	0.8295546859494537	0.817720819598321	0.8466089271881325	0.694316113175326	0.7900687509248472	0.7618533890413693
ACA	Thr	T	41074	9648	12930	9052	13704	12409	9610	33963	41386	23366	44409	38776	24121	0.689216396376917	0.690974248193104	0.7477271927098575	0.6797924496364125	0.6711835942774723	0.7261077894283648	1.1011270086267646	1.1039354416851515	1.194606819143673	1.0860708341968186	1.0723168910246565	1.1600665659100182	0.4528512698491125	0.47846066998285813	0.5053253899542082	0.45474276541760955	0.46748593778686626	0.4957746842762457	0.5911236143714066	0.6029911043388718	0.6503105818862007	0.5657160056601472	0.5918962725219652	0.6167611569116729
ACC	Thr	T	28442	9528	11716	8862	11808	11095	9257	150858	177901	98855	161427	148247	97058	0.7473757373964226	0.7379052259973595	0.7958064638507814	0.6767009094038735	0.6977646029827079	0.7729531943445085	1.0712523672342413	1.0576777925624603	1.1406706367406099	0.9699504744879791	1.0001421578407588	1.1079138614900221	0.49106500297084643	0.5109577234430899	0.5378180914031829	0.45267469956089623	0.48599987032013203	0.5277599709929437	0.5750858586360155	0.577724272715065	0.6209492308532314	0.5052308660155634	0.5520573444034356	0.5890336425953571
ACG	Thr	T	18661	4756	6299	4444	6741	6177	4749	14917	18278	10217	19940	17494	10782	0.8756381930912668	0.84104084066781	0.9345100469827964	0.8754642549613352	0.8544521985948003	0.9286426414408027	1.3161727201994466	1.2641694021507854	1.404663067800722	1.3159112736072072	1.2843280288342784	1.395843764150368	0.575340154056502	0.5823733158813872	0.6315560788905911	0.5856361548856783	0.5951343131146418	0.6340622137220495	0.7065676978277254	0.6905140238189045	0.7646593358895621	0.6854360195196253	0.7089219421285912	0.7421144959642789
ACT	Thr	T	46579	13783	17281	12707	17919	16508	13367	140590	168204	91153	158515	142112	89594	0.6849467159883968	0.6610492285949359	0.7117573525478524	0.6480682338522625	0.6374817436454395	0.7099912912759304	1.0340355572704847	0.9979585148999648	1.074510459724069	0.9783616472614421	0.9623796634880706	1.0718443105056576	0.45004586621107456	0.45773928280579457	0.4810164258244138	0.43352105631491905	0.4440122692076616	0.4847705993463041	0.5551065691909352	0.5451044366012262	0.5849334786209094	0.509612104250213	0.5312132452051753	0.5698568999427059
GTA	Val	V	27492	8251	11111	7457	11889	10894	7959	30119	38812	20116	42243	37233	20669	1.046610356258842	1.0824086884069832	1.042144341433593	1.0958258829445429	1.120360638855955	1.0636531418258819	1.439750408519794	1.4889957298816503	1.4336068168472522	1.5074528483318175	1.5412036368990703	1.463195005007613	0.6876778198553639	0.7495069282317727	0.704296969346477	0.733045641640947	0.7803421424191507	0.7262452052515656	0.7729085369891302	0.8133185561527365	0.7804155043483273	0.7852067998032107	0.8507118516114844	0.7779224663439487
GTC	Val	V	26428	10681	12849	9623	13272	12439	10118	230072	271962	136526	251637	225968	130159	0.9157690629379298	0.9003586087193421	0.8687468990573293	0.8861579669097586	0.898204658283834	0.8725106633889818	1.2039570587664714	1.183697010806625	1.1421372524269773	1.1650274972386379	1.1808652228198768	1.1470854547828082	0.6017082373838061	0.6234475225078145	0.5871123450073592	0.592789644375899	0.6256083291999549	0.5957362046892155	0.6463263933681573	0.6465584315866871	0.6217476154640682	0.6068432016310294	0.6518126587281683	0.6098596175068746
GTG	Val	V	25097	7878	10156	7109	10997	9975	7691	33099	42039	21434	46584	39763	23158	0.9288090503301278	0.9394716584593009	0.9323800519772697	0.9930666253401365	0.9534586734056478	0.992069377833579	1.2846375175283595	1.2993849905773895	1.2895765765194875	1.3735122885202118	1.3187304568515616	1.3721329936471376	0.6102761920645358	0.650531102008195	0.6301165959250625	0.6643055004400829	0.6640932911327884	0.6773689660632646	0.6896384945325346	0.7097494661767353	0.702009464891848	0.7154394180573033	0.7279113556868142	0.7295084243158233
GTT	Val	V	51150	19098	23806	17567	24933	23139	18241	298396	362145	176812	352777	309524	167477	0.9207042973463297	0.9368152084997672	0.9371096576755442	0.9429072490159593	0.9312983671069055	0.9234569243494195	1.2285825109377222	1.250080817978793	1.2504737292628636	1.2582100017522257	1.24271917660227	1.232255600554962	0.6049509448710271	0.6486916603347345	0.6333129352679566	0.6307517098478534	0.6486584210614126	0.6305214897535731	0.6595462001469901	0.6828185639145891	0.6807229671543829	0.6553803988294238	0.6859547346303398	0.6551411894307774
TGG	Trp	W	23640	5797	7662	5099	8145	7630	5647	45883	55703	25978	53279	49509	26670	0.6005148328275217	0.599763971299435	0.5859012156331606	0.6088772340804584	0.6216007899225758	0.61715989178659	0.9625175027488381	0.9613140064762793	0.9390944970891528	0.9759209311588607	0.9963145076798219	0.9891965449749128	0.3945696968887123	0.4153027009181835	0.3959609375599592	0.4073044903244566	0.4329510296192971	0.4213868174301479	0.5167131681114627	0.5250884902261164	0.5112168113069577	0.5083407763395212	0.5499445623688154	0.5259163770599348
TAC	Tyr	Y	33307	14870	17766	13463	17994	17551	13623	260236	302899	158009	268812	266233	144407	1.5219486888190907	1.438331894103652	1.4796944851269307	1.320370378663989	1.4357300188641713	1.3728550474022938	1.862769447635228	1.7604277513287891	1.8110529605748238	1.6160502775203573	1.7572432197225205	1.6802882101873442	1.0	0.995963660744448	1.0	0.8832532307328487	1.0	0.9373632780041546	1.0	0.9615800288666658	0.9858866413154929	0.8417733716428226	0.9699611377699922	0.8933422709646258
TAT	Tyr	Y	43756	16333	20939	15072	21650	20419	14935	83197	105847	54150	107823	96807	50516	1.417723597911789	1.4441610179115865	1.4490621584800025	1.4212403820614798	1.4290926600641496	1.345938458959397	1.7972509488419353	1.8307657173409253	1.836978902724852	1.8017091829146517	1.8116635309354192	1.7062487892637437	0.9315186565270003	1.0	0.9792982085458671	0.9507295675429915	0.9953770146804671	0.9189850656624631	0.9648273709468084	1.0	1.0	0.9384799685496148	1.0	0.9071444761619603
