Codon	AA	Abbr	count	SRR1944912_valid_codon	SRR1944913_valid_codon	SRR1944914_valid_codon	SRR1944915_valid_codon	SRR1944916_valid_codon	SRR1944917_valid_codon	SRR1944912_rpf_count	SRR1944913_rpf_count	SRR1944914_rpf_count	SRR1944915_rpf_count	SRR1944916_rpf_count	SRR1944917_rpf_count	SRR1944912_absolute_total_ps	SRR1944913_absolute_total_ps	SRR1944914_absolute_total_ps	SRR1944915_absolute_total_ps	SRR1944916_absolute_total_ps	SRR1944917_absolute_total_ps	SRR1944912_absolute_valid_ps	SRR1944913_absolute_valid_ps	SRR1944914_absolute_valid_ps	SRR1944915_absolute_valid_ps	SRR1944916_absolute_valid_ps	SRR1944917_absolute_valid_ps	SRR1944912_relative_total_ps	SRR1944913_relative_total_ps	SRR1944914_relative_total_ps	SRR1944915_relative_total_ps	SRR1944916_relative_total_ps	SRR1944917_relative_total_ps	SRR1944912_relative_valid_ps	SRR1944913_relative_valid_ps	SRR1944914_relative_valid_ps	SRR1944915_relative_valid_ps	SRR1944916_relative_valid_ps	SRR1944917_relative_valid_ps
GCA	Ala	A	37904	13060	16356	11722	16722	15848	12424	58352	71089	37077	70880	64538	38214	1.1520456653272915	1.1154262340514867	1.1441666836066944	1.0523093060396216	1.0812567739446912	1.1398112841992416	1.551671483852095	1.5023493701758066	1.5410594121039067	1.417338211076889	1.4563270826380348	1.535193195803001	0.8348589859402278	0.8294325232319533	0.8339292077387168	0.7451089620577988	0.7898811168032182	0.8387015571065731	0.8033722996656814	0.7867996410642579	0.8314845535453768	0.6768440194235821	0.717514265950282	0.7618619046549533
GCC	Ala	A	28848	12284	14653	11831	14417	14112	12454	181155	212366	122272	188270	177189	121393	1.1153145545925065	1.0791250244103994	1.2074375072538848	0.9765788648556504	1.0109728495304442	1.2632427068615097	1.4270011208091822	1.380698039836395	1.5448688166611997	1.2494942605825965	1.2935000116757995	1.6162693754176092	0.8082408589133022	0.8024388924656991	0.8800443311670223	0.6914864861346948	0.7385372121476177	0.9295254749057831	0.7388246700287064	0.7230892785173373	0.8335399324767252	0.5966908328371754	0.6372913904087025	0.8020971354989928
GCG	Ala	A	14342	4995	6337	4446	6419	6098	4751	21099	25736	13088	25268	23091	13743	1.252146665562586	1.2564217119772456	1.2389674160061215	1.1460103380613158	1.1937737536002166	1.2399034821502377	1.666817103907426	1.6725079072932667	1.6492733135659732	1.5255318608200659	1.5891129732814466	1.650519374512596	0.9073997037808686	0.9342769597801969	0.9030249966614435	0.8114558795588784	0.8720771683714256	0.9123518915430284	0.8629885280638695	0.8759138501728688	0.8898717817326071	0.7285114508072593	0.7829362250619513	0.8190941946419551
GCT	Ala	A	48060	21035	24898	19278	25499	24351	20321	496355	586293	304443	513089	483203	285634	1.0655231097821845	1.0471056951088327	1.0667616252790795	1.0018575163097454	1.0319060808200546	1.081325501987896	1.3554895750584128	1.3320601314733185	1.3570651343580444	1.2744983253618773	1.3127241653884918	1.37559235621743	0.7721582309637975	0.7786292739682671	0.7775123063457847	0.7093855483582046	0.7538293837277453	0.7956662605717504	0.7017998258137313	0.6976169818586002	0.732209730858588	0.6086314208879818	0.6467628921778598	0.6826576716218647
TGC	Cys	C	10177	2753	3590	2557	3662	3495	2719	14763	17025	10006	15847	15552	9553	1.0300595584638608	0.9926959272035235	1.062493878026263	0.9376395611531402	0.9591273278931286	1.0523177607202845	1.532142082210861	1.4765662746492632	1.5803858808350304	1.394673752390457	1.4266353136463563	1.5652496128106308	0.7464586728798359	0.7381700936975595	0.7744017463754913	0.663914721826893	0.7006629536745577	0.7743216414172013	0.7932610225874538	0.7732967031268353	0.852703301530422	0.6660207006168953	0.7028855001415474	0.7767778378229341
TGT	Cys	C	17770	5504	7078	5043	7474	6810	5299	56038	69862	36732	66681	60533	36473	0.8769023592996312	0.9257402603174318	0.9063744041514081	0.9283998277276129	0.8912662550386503	0.893577648107311	1.2648177698664325	1.3352600995000619	1.3073273670268282	1.3390961800908832	1.2855358240289625	1.2888697083495873	0.635469440567271	0.6883817652230781	0.6606136147803254	0.6573723410431521	0.651088993718491	0.6575167093469716	0.6548548265597118	0.699292846171416	0.7053735265312808	0.6394798600955163	0.633367534070771	0.6396202989563635
GAC	Asp	D	48179	17560	21475	15751	22075	21082	16589	243493	289179	142254	267728	247948	139883	1.055820557892798	1.021454444673767	1.034243141945688	0.9805898620407552	1.013180950927822	1.0400569033218903	1.416078688790076	1.3699864620549362	1.3871388100829936	1.3151784133194573	1.3588899569832285	1.3949362937794485	0.7651270317021741	0.7595549679111718	0.7538111153990278	0.6943265540997476	0.7401502772768307	0.7652997968942992	0.733169620348121	0.7174794877982201	0.7484360986658414	0.628058029179868	0.6695082043148203	0.6922573813879163
GAT	Asp	D	91919	30267	38569	27409	40788	37686	28391	213912	261082	132532	254202	228785	129048	1.0562289121746713	1.0361530496659113	1.0511118341370977	1.04179822531373	1.0295516014226773	1.0139891674169812	1.4380138543758219	1.4106813622489949	1.4310471551810395	1.4183670454360178	1.401693751776214	1.3805061138976746	0.7654229559453961	0.7704848713457912	0.7661059106559803	0.7376663780144719	0.7521093863499665	0.7461185069766004	0.7445264730089822	0.7387919291660255	0.7721270157284883	0.677335335030197	0.6905971023837502	0.6850961951871845
GAA	Glu	E	110680	36272	46555	32782	50816	45433	34610	421042	533356	251682	551297	467506	246407	0.8816294924167235	0.9119491666358442	0.8644547832533692	0.9839231908550178	0.9148955943405551	0.8867119565287429	1.2167381849780285	1.2585824128490497	1.193035343098656	1.357913871639006	1.2626487821441281	1.223752501323008	0.6388950769628725	0.6781266884808904	0.6300603774373076	0.6966867852207096	0.6683507296602864	0.652464762329616	0.6299617953474103	0.6591357578587327	0.6437068239088474	0.6484661711144137	0.6220913727924794	0.6073049398818783
GAG	Glu	E	46451	13902	18137	12228	19550	17339	12908	56221	71220	33778	77946	63853	33970	0.9297132947160404	0.9422551166859392	0.9094057759701263	0.9729341628844816	0.8987440279205082	0.9031298805831137	1.3128872211605398	1.330598055121863	1.2842101203741818	1.3739212257599276	1.2691542178189192	1.2753476647098625	0.6737402186407881	0.7006622357467005	0.662823038927493	0.6889057809302828	0.6565516661728557	0.6645454801289068	0.6797426111402111	0.696851273714163	0.6929005268784434	0.6561104170811609	0.6252965201515667	0.6329097885461089
TTC	Phe	F	42007	15248	18957	14110	19611	18569	14649	220501	269293	139237	251419	234191	132042	1.005373431284708	0.9886297382415455	1.0097045536259734	0.9770799513003647	1.0112558514196555	1.014108116805602	1.3524424929700813	1.3299186413780577	1.3582687797151909	1.31438170539195	1.3603556073457412	1.364192514895857	0.7285692473788737	0.7351464698417522	0.735926094090786	0.6918412905620427	0.7387439510589422	0.74620603290202	0.7002222100812466	0.6964954560193098	0.7328591623565258	0.6276775645936835	0.6702303120449692	0.6770003349128683
TTT	Phe	F	59960	17588	23416	16140	24711	22990	16817	85600	111626	55216	119145	104204	55583	0.959534963877607	0.9989772229124112	0.9929467503004377	1.0136450385805713	1.0179051232809162	0.973068976272786	1.3632935982678858	1.419332597645329	1.410764588124123	1.4401724210532927	1.4462250886669763	1.3825225301482453	0.6953512443358479	0.7428408740593098	0.7237121205055272	0.717731942744379	0.7436013858609826	0.7160084102390988	0.7058403306098072	0.7433226921428167	0.7611834783920205	0.6877484022589593	0.7125371389880831	0.6860968710170648
GGA	Gly	G	25327	7321	9788	6551	10587	9472	7122	26583	34055	16461	38499	31107	17669	0.9966117606369302	1.0082157778849739	0.9814733648096909	1.0943795335435145	0.9902096655418198	1.035662374067393	1.4041603283072726	1.4205096243042241	1.382831325686195	1.5419086807997657	1.3951401979960876	1.459180070538766	0.72221988147065	0.7497106765867946	0.7153497101946287	0.7748976405091331	0.7233692637448599	0.7620661927182476	0.726998932306897	0.7439391161059281	0.7461119788347403	0.7363321336716651	0.6873682478317937	0.7241392880156226
GGC	Gly	G	22792	7793	9706	7182	9924	9534	7568	40787	48736	25935	49286	44201	27344	1.0157810029093808	0.9800215185939991	1.0338119049383412	0.9352187579617682	0.972491666748504	1.0390750601836112	1.3841731805757866	1.3354448434649304	1.4087433299865284	1.2743935149745678	1.3251841485431006	1.4159152679483957	0.73611135699673	0.7287453855523274	0.7534968070547657	0.6622006229940529	0.7104258880253953	0.764577332236926	0.7166506588457267	0.6993895989561763	0.7600929007628014	0.6085813691196251	0.6529017711244337	0.702668501800485
GGG	Gly	G	14121	4420	5901	4065	6262	5570	4447	16144	20662	10914	23248	18884	11725	1.022311140856724	1.082890777159598	1.0931702798174863	1.1067921464327328	1.0143441906789676	1.09992515254069	1.400063584525051	1.4830278987751608	1.4971057629039592	1.5157610221876268	1.3891527801937447	1.5063566171105696	0.7408435863769083	0.8052391115293035	0.7967603308444856	0.7836866429946462	0.741000048705677	0.8093523471165293	0.7248778580281497	0.7766807385874775	0.8077691924796969	0.7238454271006843	0.6844183214446502	0.7475513339551809
GGT	Gly	G	54864	24428	28951	22859	30157	28411	23867	512502	601194	323555	570778	511681	314285	1.0371015189760442	0.9915741579762908	1.0483789450189374	1.0101246615358237	0.9828782445148161	1.0501981950993367	1.304287397985139	1.2470309364632943	1.3184701991866816	1.270360560011494	1.236094716494232	1.3207581381302007	0.7515618074075479	0.7373359445156382	0.7641140364913165	0.7152392683274474	0.7180135044394754	0.7727620121949591	0.6752900837895193	0.653086101464221	0.7113856846290779	0.6066554481037181	0.6090085144497863	0.655445395052107
CAC	HIS	H	17772	6706	8319	6186	8333	8238	6482	133108	155957	81907	130815	134652	77558	1.1855409192037154	1.1778702923544513	1.250541576842269	1.081763087991055	1.1819639919685574	1.2309521363650164	1.54865367262686	1.538633652019354	1.6335630212157886	1.4130903050185246	1.5439811881856085	1.6079736396530004	0.859132167574167	0.8758660131911651	0.9114608573752894	0.7659643101693766	0.8634498858132198	0.9057652681674415	0.8018098388167166	0.8058021850114335	0.8813952328609275	0.6748154493983003	0.7607003550845783	0.7979802562245031
CAT	HIS	H	32037	10707	13730	9628	14263	13492	9951	69374	85584	42037	78484	75920	39982	1.1964801794233633	1.198617163757119	1.1875513566719713	1.1297607153898244	1.2097993028333534	1.1563513204952234	1.6162092806082677	1.6190959259302113	1.6041481980731098	1.5260844136671505	1.6342007954156148	1.5620030887003191	0.8670595787600048	0.8912934160721064	0.8655502526054335	0.7999500044201766	0.883784173618176	0.8508721281373598	0.836786510556925	0.8479413102302688	0.8655243515072906	0.7287753201413688	0.8051504350341319	0.7751667031143175
ATA	Ile	I	41566	10057	13883	9172	14492	13771	9364	29357	38694	20166	40756	37233	19294	1.0014681694772285	1.016654110002456	1.0171336452599393	0.987117138044416	1.0465392996362577	0.9512892642377982	1.524296969222252	1.5474109171468045	1.5481407996951422	1.5024538049710425	1.5928980383273166	1.4479215481089869	0.7257392007838915	0.7559854322688896	0.7413408090875575	0.6989483243532641	0.7645192619319763	0.6999823551804231	0.7891992437068177	0.8103989513754356	0.8353053435509623	0.7174906203807186	0.7848010795993275	0.71855208285773
ATC	Ile	I	39758	14212	17609	12699	17790	17324	12922	207303	246706	122597	219652	219451	110049	0.9222683487459337	0.9219213108545796	0.9132838513778787	0.85448331375081	0.9403492398490003	0.843029989555824	1.266144509994504	1.2656680758617533	1.253810060879893	1.1730852067715711	1.2909670261711517	1.1573614062417281	0.6683450505237176	0.6855419890080581	0.6656495854426767	0.6050342530949755	0.6869451601650541	0.6203224820894242	0.6555417414633108	0.66284661049113	0.676498057448759	0.5602020042021859	0.636043419910387	0.5743573953714982
ATT	Ile	I	71045	22513	28848	20111	29821	28541	20526	210154	261177	125603	244948	238636	114064	0.8836424532023869	0.9101869900211054	0.8638352484109295	0.874704570294938	0.922515187197345	0.8183967480419382	1.2578316587410052	1.2956168043688525	1.2296368507985271	1.2451089199880558	1.3131655274380962	1.1649568616437487	0.6403538198329122	0.6768163314610144	0.6296088276694943	0.6193523242064101	0.6739170046287657	0.6021967289049462	0.6512377927874462	0.6785311438676502	0.6634553086524473	0.5945966315157455	0.646980345777958	0.5781267503524381
AAA	Lys	K	99705	27928	37584	24911	43578	38833	27783	133536	176623	85630	216962	181892	92744	0.8663315704078309	0.9003339177906626	0.8454087969651964	1.0883808532102857	1.0269450951668442	0.9489859310737295	1.2279137000143974	1.27610765901369	1.1982583566908083	1.542640030838461	1.4555627367063784	1.345065637326124	0.6278090514347886	0.6694895730325359	0.6161786550593834	0.7706501531485678	0.7502052779809608	0.6982875052188376	0.6357478778449938	0.6683139541329376	0.646524921050802	0.7366813868674988	0.717137682202975	0.6675083443183186
AAG	Lys	K	73451	27388	34076	24544	36798	33801	26297	517799	626828	303889	633861	563870	301562	0.9829542990980608	0.9802441202864468	0.9284481539226469	1.0598713362174659	1.0159784862663785	0.9587028684074804	1.2914914130352433	1.2879305428440238	1.2198764676443012	1.3925517502726663	1.3348814813115473	1.2596277602495107	0.7123226570514957	0.7289109124852667	0.6767021313595056	0.7504634110059593	0.7421939364619231	0.7054374699411551	0.6686650088540923	0.6745057500884699	0.6581890562512218	0.6650073472539463	0.6576795265380209	0.6251085578046627
CTA	Leu	L	31700	10626	13255	9741	13755	13015	10060	61579	74226	40281	73074	68229	38589	1.16050073521269	1.1082256413809441	1.1960651123752106	1.0876317814643885	1.114700102819424	1.1730710220344507	1.5790142203726616	1.507887064631124	1.6274042433811562	1.4798664036578726	1.5166964228421216	1.5961177525320664	0.8409861658628849	0.8240781523509668	0.8717555281568092	0.7701197576955495	0.814312181280917	0.8631749013329759	0.8175289026233821	0.7896998027019316	0.8780722405103449	0.7067041000049479	0.7472574900781851	0.7920966001686902
CTC	Leu	L	12009	3816	4948	3442	4876	4774	3553	13105	16024	8533	15460	15093	8462	1.379928448670699	1.3448064825154613	1.372018959150283	1.212534255665168	1.3440323097167792	1.3066116423078233	1.8640675748128712	1.8166232900481636	1.8533830911626263	1.6379441930577054	1.8155775036432846	1.765028032899286	1.0	1.0	1.0	0.8585594896033176	0.9818442458821562	0.9614374187451804	0.9651142460850889	0.9513889251949471	1.0	0.7821934966237575	0.8945124864688376	0.8759207783035218
CTG	Leu	L	24536	8474	10663	7375	10975	10341	7932	31290	38913	19651	39403	35762	20268	1.3547966721122662	1.2995677724601646	1.2782057938504807	1.228340109942944	1.256332689318387	1.30756318095611	1.7873583797691452	1.7144959062846865	1.686313440042768	1.6205265586385673	1.6574566547540566	1.725044101943172	0.9817876234216038	0.9663604313011062	0.9316240022237722	0.869751145524022	0.9177778041517817	0.9621375846033609	0.9253983377442383	0.8979035039719646	0.9098569249301527	0.7738757771147754	0.816608308091082	0.8560781722542659
CTT	Leu	L	27741	8802	11367	7778	11507	11164	7878	37133	46427	22987	46723	42338	22359	1.2142236136384403	1.1971389902948955	1.1723893998415682	1.1222583546456066	1.210800538787194	1.1359108030654121	1.673025472815254	1.6494853194809311	1.6153839440793396	1.5463105751795392	1.6683089680815604	1.5651216851893237	0.8799178064689629	0.8901942441976085	0.8544994163693269	0.7946378056255603	0.8845155978205124	0.8358314858537641	0.8662028886154166	0.8638566255440888	0.8715866416295025	0.7384342401849864	0.8219551080811922	0.7767143518841653
TTA	Leu	L	62865	19619	25951	18483	26867	25133	18397	121220	156972	80668	153981	141066	74539	0.9901262753567359	1.032411108980651	1.041013860073298	1.0178130686178968	1.0372642472773828	0.9667284090164106	1.3687584013260297	1.4272132900729768	1.4391058012865947	1.4070328435110298	1.4339223068739453	1.336413005669415	0.7175200107734107	0.7677023589665669	0.7587459729550804	0.7206832010076224	0.757743638516542	0.7113428627887619	0.7086697126315366	0.7474499118804504	0.7764750893372208	0.6719227336285608	0.7064757111999087	0.6632143502775164
TTG	Leu	L	64394	24974	30864	22687	31975	30157	23328	423713	517820	255231	492389	453233	238394	1.0664695344560717	1.0727383237293442	1.0488156807805993	1.0552566312432659	1.0603611591101088	1.0171538398904862	1.3852594896977164	1.3934021506450305	1.3623285314813092	1.3706948161831338	1.3773251937415298	1.3212023069270393	0.7728440815053955	0.7976897328177557	0.7644323526186186	0.7471958754878426	0.7746164248451596	0.7484471518742737	0.7172130914653336	0.7297425843479945	0.7350496170906151	0.6545696584893181	0.6785910164989427	0.6556658202640431
ATG	Met	M	43882	15379	19404	13816	20017	18607	14272	137997	169072	86524	158838	144758	83668	1.1306256291704182	1.1326575023107328	1.120269836092345	1.0969634205972996	1.0705794902468515	1.0753754420413435	1.5182726561985522	1.521001178664532	1.5043662692760968	1.4730690012439775	1.4376390596429505	1.4440793545400037	0.8193364157826899	0.8422457186494939	0.8165119210788088	0.7767272141807433	0.7820811335107151	0.7912880581348821	0.7860801774237016	0.7965678324819514	0.8116866267148303	0.7034580285059197	0.7083069091269161	0.716645338534917
AAC	Asn	N	58431	19078	24219	17508	25052	23252	18169	270836	330289	170667	294729	278704	159697	0.9192287453781223	0.9320408585764102	0.9519793525724425	0.9093217751995121	0.9136987197334271	0.9204677008839405	1.2784180230682407	1.296236478494745	1.323965953019479	1.26463989733619	1.2707271360199905	1.280141101307886	0.66614232517898	0.6930668989883416	0.6938529137833643	0.6438637387380024	0.6674763872523284	0.6773030805183021	0.6618963084742004	0.6788556751581131	0.714350939820518	0.603923569227767	0.6260714774135007	0.6352886010280798
AAT	Asn	N	86254	22537	31200	20535	32895	29552	20878	86522	114811	57184	122004	103152	54745	0.8560450486043686	0.9119805337220716	0.8955429142192188	0.9163480487784542	0.8843973938966047	0.8436562548667205	1.259291701441505	1.3415760302156352	1.3173953426862315	1.3480008970791144	1.3009996386594422	1.2410670704245677	0.6203546636269487	0.6781500130905165	0.6527190519100737	0.6488388343524686	0.6460711442670131	0.6207833037172603	0.651993724615876	0.702600580123751	0.7108057416558333	0.6437322709816692	0.6409863634777481	0.6158975460959086
CCA	Pro	P	41789	15141	18589	13941	19085	18127	14965	248444	293854	158943	270411	261035	158915	0.9629738715583627	0.9231837157091735	0.9826292160784061	0.91238668871527	0.9302654501541796	1.0266770279902742	1.3109758639090572	1.256806238460081	1.3377343077502122	1.2421073538807146	1.2664471884445208	1.397700232039535	0.6978433356352689	0.6864807150411394	0.7161921557461326	0.6460339129590382	0.6795787368901316	0.7554545510802941	0.6787530128350374	0.658205552542013	0.7217797087546818	0.5931632459957751	0.6239628004002599	0.6936290258642825
CCC	Pro	P	16107	4690	6107	4365	6055	5808	4812	17350	20911	11746	20593	19526	12506	1.0448540389261696	1.040629279876744	1.1088031666095497	0.9593605556600138	1.00975681827102	1.1679915318056364	1.4982163273376492	1.4921584448477445	1.5899129889237085	1.3756272117881103	1.4478904185784134	1.6747831926282726	0.7571798667769256	0.7738134024534492	0.8081544057497954	0.679294712841883	0.7376488753968962	0.8594372857967276	0.7756960856829459	0.7814625227152193	0.857843689469702	0.6569251036756317	0.7133576263519557	0.831135466538123
CCG	Pro	P	12400	3652	4712	3135	4746	4424	3502	10922	13468	6970	13831	12384	7815	1.2714264800513058	1.2025305295877033	1.1772915041549228	1.1068438664344336	1.1290277476762034	1.3069823585595997	1.8192578297526183	1.7206760404901364	1.6845620414863887	1.5837599750504243	1.6155024314776048	1.8701340002468307	0.9213713082559356	0.8942034004315397	0.8580723293241089	0.7837232643915717	0.8247788311954835	0.96171020100477	0.9419141626195351	0.9011401195496102	0.9089119510795061	0.7563180467002655	0.7959379833566216	0.9280811400696622
CCT	Pro	P	31690	10508	13181	9568	13717	12862	10351	58077	68609	37547	69017	63834	40009	1.0737336773783526	1.0390994014244828	1.094124171786531	1.011283630278348	1.0447844546348	1.1572236987054134	1.4823184594258327	1.4345049022496998	1.5104680899113556	1.3961044758667325	1.4423532723753785	1.597578697973189	0.7781082261277333	0.7726757826753234	0.7974555777743354	0.7160598996682931	0.7632373102596541	0.8515140457718096	0.7674650220609024	0.7512686227324769	0.8149788875886634	0.6667039367145308	0.7106295431893922	0.79282161554748
CAA	Gln	Q	64667	23543	29619	20990	32064	29498	22471	286480	346936	175153	357866	327791	176459	1.1364028153099415	1.1420453901779455	1.09056255953232	1.2277149921043395	1.2286034318376615	1.1502827554561248	1.4980381779527068	1.5054763789676533	1.43761026250156	1.6184084596055799	1.6195796258693342	1.516335105737957	0.8235229996197638	0.8492265653283801	0.7948596863469918	0.8693085181508599	0.8975209906040684	0.8464067266991997	0.7756038494831093	0.7884372956896543	0.7756681656136982	0.7728642876538829	0.7979467663944396	0.7525033037606899
CAG	Gln	Q	28853	10011	12726	8717	13135	12136	9409	37410	45823	23374	48296	41292	24471	1.3087816574921123	1.2497024629221594	1.2618794185111708	1.2388641297505136	1.2007662461994297	1.281308898024289	1.7258810403848226	1.647973727728202	1.664031392244187	1.633681295049889	1.583441887641323	1.6896529083498542	0.9484416809819934	0.9292805166915838	0.9197244761782858	0.8772028913467456	0.8771853332371627	0.9428190287328562	0.893568667590154	0.8630649855486969	0.8978345600424901	0.7801577672548222	0.7801421516022696	0.8385147787786232
AGA	Arg	R	50015	16835	21050	15279	23240	20902	16461	296774	361661	177345	369829	319435	174544	0.8750056370607608	0.8858676209038799	0.8588226121707783	0.9938479337589279	0.9077529280734288	0.9334319601992339	1.213317533171298	1.228379190929469	1.190877508779318	1.378108976973412	1.2587262261746939	1.2943337909645247	0.6340949328957337	0.6587324142332093	0.625955353199101	0.7037142008687325	0.6631328597296801	0.6868425057066645	0.6281907652441139	0.6433179430168166	0.6425425560736507	0.6581102604082714	0.6201587781847081	0.6423319292577413
AGG	Arg	R	21992	5950	7965	5282	8809	7869	5869	19858	25403	12964	29526	24497	14205	0.9894489702226864	0.991414130912364	0.9887457861559517	1.0744954906034372	1.020818110073423	1.0662922806121444	1.4238017243432126	1.4266295601010737	1.4227898533757568	1.546182348318445	1.4689414301337904	1.534378056351651	0.7170291845028878	0.7372169481648566	0.7206502355975463	0.760818340334213	0.7457293847936542	0.784604441522443	0.7371681940779934	0.7471442050046135	0.7676717566702529	0.7383730059761131	0.7237291982905251	0.7614573798715822
CGA	Arg	R	6524	1569	2160	1349	2440	2158	1541	4037	5063	2454	6242	5174	2874	1.3026317214952265	1.2877913695983838	1.168963739141143	1.4122891545062277	1.3688854574986162	1.359018919830629	1.9314475797806496	1.9094433852863308	1.7332544168538218	2.0940396463633246	2.0296838010729483	2.0150544165852327	0.9439849745470982	0.9576034814983709	0.852002613626494	1.0	1.0	1.0	1.0	1.0	0.935184110138046	1.0	1.0	1.0
CGC	Arg	R	5715	1649	2156	1462	2285	2108	1684	5795	7097	3735	7485	6938	4287	1.043401700340565	0.9855940433235333	0.9879447179153124	1.029947920829929	1.0366010591605224	1.1922697291303144	1.4803973975785323	1.398378837535748	1.4017140175983143	1.4613089293801003	1.4707485236103242	1.691614076956243	0.7561273929425005	0.7328891228126586	0.7200663746856422	0.7292755294081579	0.7572591654634991	0.8773017886159405	0.7664703992363374	0.7323489391260762	0.7563002081339912	0.6978420546707056	0.7246195308022091	0.8394880371632343
CGG	Arg	R	3741	922	1282	793	1339	1218	882	3167	4028	2084	4702	3830	2125	1.1958714294271429	1.2811839249424506	1.1776595265291827	1.1444445597642792	1.1224629247797908	1.2107944683658163	1.7576113500896569	1.8829979148426976	1.730844720791122	1.6820275978611006	1.6497204700281596	1.7795442284668974	0.8666184327014488	0.9526901763188971	0.8583405634995958	0.8103471984562581	0.819983088162017	0.8909327535460024	0.9099969206978245	0.9861501678198918	0.9338839493271539	0.80324534484447	0.8127967859604883	0.883124651036751
CGT	Arg	R	14621	5578	6747	5013	7160	6924	5286	62934	75344	38267	68996	68743	36768	1.0219469944985489	0.915899716306332	0.9619146126339886	0.9813300855747874	1.0399116887082192	0.9956012717947329	1.3480590947819635	1.208171215456052	1.2688698620824204	1.294480979897958	1.3717564778602374	1.313306224730313	0.7405796985220517	0.6810643227961997	0.7010942569115228	0.6948506843967696	0.7596776509032863	0.7325882349885254	0.6979527215204359	0.6327347669828297	0.6846236313111387	0.6181740551789725	0.675847379347999	0.6517472748730421
AGC	Ser	S	22534	6775	8434	5888	8657	8290	6299	32886	38742	21218	36849	36047	21165	1.113869518607612	1.026018381046353	1.068126479380675	0.9789964600806164	1.039972183374742	1.0817496667665847	1.5791088853289668	1.454564215067538	1.5142599613944092	1.3879022479683303	1.4743462208346294	1.5335732614607247	0.8071936770929067	0.7629487174445985	0.7785070842185634	0.6931983135018115	0.7597218435464264	0.7959783715898527	0.817577915062185	0.7617739422263199	0.8170248064821367	0.6627869965970661	0.7263920715410195	0.7610579887264587
AGT	Ser	S	33396	9819	12693	8660	13373	12613	9147	41285	51013	26217	53433	49160	26911	1.0174621844068101	0.9920682539336058	1.0179474967480546	1.0166999062444801	1.0485479335304413	0.9995158146743823	1.4461066140549785	1.4100145298704811	1.4467963825764154	1.445023197384375	1.4902884107836154	1.42059965726968	0.7373296676265665	0.7377033549674311	0.7419339871064818	0.7198950037961201	0.7659866117991112	0.7354686532244521	0.7487164700681185	0.7384427004936007	0.7806245721540713	0.6900648704975175	0.7342465905259759	0.7049931979887013
TCA	Ser	S	43678	12975	16834	11442	17322	16365	11675	50106	62248	31775	62411	57064	29585	1.1052109227316023	1.0698308554216618	1.071706493654583	1.0334171085940014	1.0716232624671436	1.0216713296241315	1.5727309142852322	1.5223845736335226	1.5250536336041207	1.4705672922776045	1.5249351944366942	1.4538528811925073	0.8009190069211666	0.7955277352772293	0.7811163880113661	0.7317319582159578	0.7828436313622149	0.7517712334361465	0.8142757436180814	0.7972923341768697	0.822848573981246	0.7022633477028519	0.7513166305168176	0.721495592985646
TCC	Ser	S	32973	11871	14677	10931	14668	14319	11328	166966	197322	103461	171354	170653	99431	1.0176495697698933	1.0103349898078509	1.0368922589331864	0.911161099962017	0.9943706881542789	1.0158820714129886	1.380294498725738	1.3703733286274895	1.4063944242617834	1.2358582866741088	1.3487200617240245	1.3778971427684277	0.7374654611622847	0.7512865255661311	0.7557419320031504	0.6451661099674607	0.726408979441791	0.7475113529247961	0.714642485343814	0.7176820947859603	0.7588255396133742	0.5901790297143602	0.6644976232312899	0.6838014553986341
TCG	Ser	S	19864	6336	8292	5599	8359	7729	5632	22897	28680	14322	28563	25411	13544	1.21414020654727	1.2234354538291041	1.2120979392062263	1.1305869244971527	1.1356892897079902	1.1113831365196378	1.659968412337736	1.6726768432005865	1.6571762312886285	1.5457346457575498	1.5527105823359844	1.5194792913363677	0.8798573634139256	0.9097483316266199	0.8834411005201425	0.8005350185475543	0.8296452296185916	0.8177834173626859	0.8594426427696552	0.8760023240750655	0.8941358314913096	0.7381592074639061	0.765001219162895	0.7540636514974716
TCT	Ser	S	54831	19502	24302	17612	24711	23770	18001	257972	311707	157087	278124	270687	143463	1.0611552233294208	1.0540345837729506	1.061676435742803	1.00683571824667	1.0460793272710576	0.9906759415864501	1.4358669870780185	1.4262319298863495	1.436572248364188	1.3623663508016182	1.4154675384630413	1.340500285107513	0.7689929317361663	0.7837816053662816	0.7738059511949595	0.712910465278398	0.7641832423163974	0.7289640542384174	0.743414940228969	0.7469359609593655	0.7751081010796462	0.6505924341822332	0.6973832760131332	0.6652427220199651
ACA	Thr	T	41046	12809	16591	11737	16881	15985	12079	52724	65815	34543	65466	60792	33659	1.1460925524713992	1.1231210901778985	1.1466463427747409	1.0558294939486084	1.0942157938283874	1.113903166878428	1.6010112959446297	1.5689217665807447	1.6017849023425796	1.4749201037543676	1.5285430852356803	1.5560449711633244	0.8305449123651616	0.8351544291168941	0.8357365145193624	0.7476015025533161	0.7993479570072016	0.8196377185221607	0.8289178089557331	0.8216644592190812	0.8642492261747035	0.7043420148781953	0.7530941935032684	0.772209900812625
ACC	Thr	T	28424	10900	13480	10280	13317	13001	10583	212205	251097	127163	212278	210965	120496	1.0440022590433757	1.0400546953117669	1.0819232678088024	0.9355577798155251	1.0054397207011239	1.0333396547350833	1.3871229005304964	1.3818779348170738	1.437506986593624	1.243037177276515	1.3358864404809399	1.372955936343197	0.7565626029734187	0.7733861405593048	0.7885629135029284	0.6624406742984725	0.7344951436173324	0.7603570779307955	0.7181778656856062	0.7237072046573688	0.7756124426989763	0.5936072793250462	0.6581746574391304	0.6813493099952339
ACG	Thr	T	18651	5649	7361	4886	7597	6835	5226	19232	24036	11967	24352	20827	12193	1.154823211509621	1.1648006529705293	1.0857501378169758	1.0768171169178011	1.025091488006468	1.095384538288526	1.6336929397653173	1.6478077198538639	1.5359773832239394	1.5233401128363098	1.450165453793131	1.549606873757532	0.8368718049273319	0.8661474108838091	0.7913521388140301	0.7624622149663706	0.7488511784467579	0.8060112499574626	0.8458386118617065	0.8629780450949409	0.8287425252490145	0.7274647905935606	0.7144785079461798	0.7690149015347878
ACT	Thr	T	46558	17308	21099	15790	21754	20565	16129	237100	283267	143465	250986	242063	134419	1.093086949434396	1.0616975700207374	1.069370008056561	1.0105084593153113	1.037094502661338	1.0428913374018842	1.4712055443965832	1.4289580095116066	1.4392844829757563	1.3600616572849868	1.3958442950655232	1.403646360047321	0.7921330634841097	0.7894798127644592	0.7794134337027251	0.7155110241348633	0.7576196364569725	0.7673854441495612	0.761711350490633	0.7483636438360947	0.7765714977322329	0.6494918372949519	0.6877151477129789	0.6965798781880934
GTA	Val	V	27472	7083	9414	6428	9919	9042	6795	23668	30419	15675	31387	27444	15717	0.8444416022832781	0.8693639817973488	0.9011280266745604	0.8376429329437818	0.8390667633135539	0.8826256349793504	1.2911726887029675	1.329279640893681	1.3778476734459577	1.2807773503551831	1.2829544232064314	1.349557045926015	0.6119459332088837	0.6464602848814373	0.6567897773312447	0.5931100796682413	0.6129561525525974	0.6494579450662465	0.6684999904836161	0.6961608032669419	0.7434230300340307	0.6116299433869281	0.6320957099466554	0.6697372710226913
GTC	Val	V	26418	10220	12496	9614	12690	12034	10003	230542	274348	143965	239462	222531	137540	0.8778124231487684	0.8956493383837723	0.9213289078307971	0.848226392923111	0.8614940443576781	0.913140667314386	1.180816161451406	1.2048100321514585	1.2393536884298588	1.1410176102776488	1.1588649963766557	1.2283390268909542	0.6361289413189323	0.6660061131683866	0.6715132481852827	0.6006039133109908	0.6293397593191605	0.6719116665632502	0.611363297566434	0.6309744721605303	0.6686980658987305	0.5448882557019541	0.5709583905453879	0.6095810697621415
GTG	Val	V	25087	7617	9723	6935	10147	9237	7439	34086	41616	21913	42275	36672	22131	0.9261614601738528	0.9080335293461772	0.9609262127494593	0.8772946294554436	0.8642724324680444	0.9618081460323196	1.3212443260043847	1.295383364629712	1.3708390608974172	1.251531834616117	1.2329546160407696	1.372097210146766	0.6711662920392972	0.6752150150612748	0.7003738587873297	0.6211862681634542	0.6313694310459997	0.7077224106285342	0.684069471952449	0.6784088884811122	0.7396415060836077	0.5976638679165538	0.6074614259565922	0.6809231546570144
GTT	Val	V	51126	18093	22414	16829	23202	21759	17337	267732	330098	163087	289929	269916	151720	0.8772827521708461	0.8820774680344468	0.8860687698760542	0.8449076443365575	0.8540951350230384	0.8635812508546328	1.216390258115333	1.2230383378279261	1.2285724494530725	1.171500779007698	1.1842396298968856	1.1973925373903385	0.6357451018681024	0.6559140512057321	0.6458137943114235	0.5982540060161822	0.6239346983667563	0.6354446124725465	0.6297816574724103	0.6405208697216886	0.6628810067984324	0.5594453672556864	0.5834601573264087	0.5942234252013269
TGG	Trp	W	23607	7989	10164	7350	10549	9956	7892	79437	98915	53234	95959	86805	52870	1.0497249069118635	1.0782918431470063	1.0486650771504122	1.0717419335268288	1.0786279774009273	1.1231837522835362	1.4359054280605146	1.4749817789530293	1.4344557003296896	1.4660222403967926	1.475441572749084	1.536388853873997	0.7607096642750394	0.801819337701333	0.7643225847257025	0.7588686283592804	0.7879607249038348	0.8264666046176279	0.7434348429086475	0.7724668824008355	0.7739661094187799	0.7000928769151067	0.7269317378249379	0.762455267326033
TAC	Tyr	Y	33287	11929	14854	11250	15270	14482	11784	181308	215027	118404	197294	187176	112951	0.9666413470129249	0.9642234683053266	1.047929745603013	0.9435393216909124	0.9763491561993128	1.045710975788756	1.3083637831097967	1.3050911474598221	1.4183888684539296	1.2770948400408815	1.321503450673221	1.415385729723105	0.700501064344388	0.7169979330421921	0.7637866361934353	0.6680921670185861	0.7132438662789284	0.7694602043649842	0.6774006174469331	0.6834929789050106	0.7652971882700057	0.60987137576826	0.6510883369984216	0.7024057107706585
TAT	Tyr	Y	43723	12084	16357	11385	17430	16030	11650	52469	67811	35351	72516	64736	33721	0.858472318011502	0.920916783244755	0.9120082186476922	0.9281522701030117	0.9195756419129156	0.897393746125562	1.2486688343452064	1.339495825476062	1.326538101927247	1.3500200168234857	1.337545102839601	1.3052809967347954	0.6221136457027742	0.6847950208584507	0.6647198368253716	0.6571970528425657	0.6717696041517376	0.6603246893997633	0.6464937735907982	0.7015111502115564	0.7157387526909563	0.644696493291346	0.6589918597825616	0.6477646390050155
