Codon	AA	Abbr	count	SRR1944912_valid_codon	SRR1944913_valid_codon	SRR1944914_valid_codon	SRR1944915_valid_codon	SRR1944916_valid_codon	SRR1944917_valid_codon	SRR1944912_rpf_count	SRR1944913_rpf_count	SRR1944914_rpf_count	SRR1944915_rpf_count	SRR1944916_rpf_count	SRR1944917_rpf_count	SRR1944912_absolute_total_ps	SRR1944913_absolute_total_ps	SRR1944914_absolute_total_ps	SRR1944915_absolute_total_ps	SRR1944916_absolute_total_ps	SRR1944917_absolute_total_ps	SRR1944912_absolute_valid_ps	SRR1944913_absolute_valid_ps	SRR1944914_absolute_valid_ps	SRR1944915_absolute_valid_ps	SRR1944916_absolute_valid_ps	SRR1944917_absolute_valid_ps	SRR1944912_relative_total_ps	SRR1944913_relative_total_ps	SRR1944914_relative_total_ps	SRR1944915_relative_total_ps	SRR1944916_relative_total_ps	SRR1944917_relative_total_ps	SRR1944912_relative_valid_ps	SRR1944913_relative_valid_ps	SRR1944914_relative_valid_ps	SRR1944915_relative_valid_ps	SRR1944916_relative_valid_ps	SRR1944917_relative_valid_ps
GCA	Ala	A	37950	9770	12689	8755	13085	12560	9287	33273	40048	21872	42074	38782	22636	0.6839613812404434	0.6547839356584816	0.6793626369866219	0.6249451038568157	0.666401702298313	0.7043635454374906	1.0502684477654296	1.005464528536027	1.0432067683759125	0.9596450065293418	1.023304386267742	1.0815973354921407	0.3103294276768406	0.3204071311002494	0.31068952053585613	0.34763296602337135	0.3532626163121232	0.34621619527589004	0.392549417823442	0.3846559517970975	0.3820108000342602	0.4032815505643077	0.4098123871634754	0.4151532960317496
GCC	Ala	A	28877	11654	13894	11236	13818	13565	11759	154244	175302	103512	153869	149257	102891	0.9326875860760144	0.8833352300646963	1.0220652065833453	0.8245663368678111	0.8828307171816415	1.0201680725096565	1.2171556138429622	1.152750878460694	1.3337932470402778	1.0760575790732005	1.1520924900602976	1.3313174905034955	0.4231823794836629	0.4322447321194325	0.46741597447610805	0.45867459333525484	0.4679926354280027	0.5014437656435706	0.45492533707087146	0.441002614965298	0.4884203600168235	0.45220281044816446	0.46138937731591995	0.5110042583414443
GCG	Ala	A	14357	2806	3595	2506	4154	3879	2799	7526	9057	5021	10429	9764	5555	0.47508755110961576	0.4409563820431495	0.4807283010495344	0.5058556815722205	0.5218254783086461	0.5136981105078935	0.8266673095722644	0.7672779998780145	0.8364823922152667	0.8802048261219694	0.9079927756729163	0.8938508995954221	0.21555843922773937	0.21577433656601186	0.2198490721002629	0.2813880929372245	0.2766220930857068	0.2524983106983354	0.3089760258881357	0.29353402428405584	0.30631061602696563	0.3698975815822173	0.36363245571816416	0.34308992353345197
GCT	Ala	A	48086	21294	25033	19477	25282	24539	20385	462135	533360	289732	475243	454636	278436	1.0347058980138624	0.9917204411910004	1.0209260465894665	0.9360559747479956	0.9899222244987079	1.0366625900103672	1.3097867115564426	1.2553733944536407	1.2923434300234578	1.1849103009380082	1.253097114466656	1.3122635981582782	0.469470496363613	0.4852811501796136	0.46689500812758805	0.5206919981568471	0.524762337439809	0.5095513247712378	0.48954723165138386	0.4802624400956337	0.4732418946925232	0.4979471160592026	0.5018396546703353	0.5036907360630709
TGC	Cys	C	10191	3144	4083	2836	4068	3928	2880	16443	19300	10822	17354	17860	10542	1.214798568657409	1.214019133059053	1.1924318724407663	1.0849697204071616	1.1824824199330881	1.1308473592216806	1.6956598018336742	1.6945718374201904	1.664439557874791	1.514439997352333	1.6505517520254898	1.5784776657756672	0.5511827932015515	0.5940591488902154	0.545328910585335	0.6035269972082301	0.6268393852656443	0.5558460154327557	0.6337715556938124	0.6482845734602798	0.6094993882203233	0.6364287900352671	0.6610120729585556	0.6058726146557084
TGT	Cys	C	17790	7139	8917	6378	9066	8541	6556	99133	122268	54672	109666	100362	49693	1.4544109970466736	1.4769897323784495	1.3399147921078949	1.4255417201538203	1.3853270203239145	1.3133952796963089	1.8377705545465106	1.866300684637589	1.6930949748987465	1.801291796401482	1.7504771426637147	1.6595853417002158	0.6599006094493639	0.7227392381579943	0.6127765373813177	0.7929741241411066	0.7343682435979617	0.6455738937303136	0.6868870171385176	0.7139820906801126	0.6199926855363278	0.75697548961231	0.701030139357207	0.6370044581695703
GAC	Asp	D	48230	20012	24080	17808	24661	23403	18220	317596	377075	185645	352049	326272	173671	1.3385504715653522	1.2861924217882899	1.2793495628883054	1.2289897376556522	1.2604417237624845	1.2360381348545608	1.686784136169021	1.620804757997785	1.6121816794634067	1.5487203785209445	1.5883548281311795	1.5576024676412998	0.6073319534563193	0.62937589251275	0.5850785436988227	0.683639803043254	0.6681659718299686	0.6075504943962651	0.6304541777445195	0.6200638403153405	0.5903631301503101	0.6508347893136996	0.6361034825162557	0.5978600141930278
GAT	Asp	D	92018	37305	46744	33694	47854	44683	34244	321284	396181	200193	380663	345698	187811	1.511231436301591	1.533561732835079	1.499311441470141	1.4456945054632155	1.4508399563969812	1.4284278661785466	1.875470272642181	1.903182644368866	1.8606773061782598	1.7941375511310527	1.8005231648986124	1.7727092854736874	0.6856813843263688	0.7504217626974552	0.6856726106552934	0.8041843448268942	0.7690969532030587	0.7021159233151759	0.7009777026409241	0.7280918528069108	0.6813594848941946	0.7539689870971658	0.7210725432746995	0.6804252179815367
GAA	Glu	E	110778	36241	46611	32209	50916	46683	34819	408032	507636	243533	536264	472806	247704	0.8356597373585465	0.8595433765619808	0.8184913524683808	0.9539351903775833	0.9121442354113175	0.8691075721638987	1.1381378018012105	1.1706664392439248	1.114755093545893	1.2992246151154816	1.2423068727687883	1.183692521597457	0.3791585535965962	0.42060260238896446	0.37431656087108794	0.5306375193252296	0.4835318666565761	0.4271929160291198	0.42539155817780167	0.44785648886086576	0.40821100671222016	0.5459866031190224	0.4975183845110212	0.45434084913468986
GAG	Glu	E	46504	14963	19418	12981	20774	19238	13998	59926	76584	36880	87810	74445	39393	1.0333213927279803	1.0376337650670442	0.9733628020964233	1.0774551540767736	1.0746416585321092	1.0174697907911154	1.3901173931792985	1.3959187864695042	1.309455674285237	1.4494901204925448	1.4457051518276212	1.3687923846028127	0.4688423136258623	0.507748036707008	0.44514314715946085	0.5993469324862404	0.5696725002078573	0.5001174777679034	0.5195717100326055	0.534030245922929	0.4795082095967114	0.609134231244505	0.5789752173015665	0.5253883782844666
TTC	Phe	F	42058	14718	18285	13306	18398	17880	13441	190427	230795	112395	207747	197760	103715	0.8907846890457788	0.8951522646770091	0.8900612418095758	0.8586351755191209	0.8911724552012816	0.8429402218174856	1.2305269149276543	1.2365602689281237	1.22952754739628	1.1861156871833143	1.2310625737652072	1.164434731958215	0.40417004573199566	0.43802719248849437	0.4070472607854225	0.4776257801774835	0.47241462923030725	0.4143308641298277	0.45992300834958644	0.4730651889744702	0.45023941205466184	0.4984536679932287	0.4930152737274896	0.44694906424333786
TTT	Phe	F	60032	17675	23497	15807	24037	22315	15714	83942	107597	53349	106717	96040	49393	0.934481293983188	0.9735811823752976	0.9141277811108054	0.9268273587661979	0.920503180372567	0.8434915881402947	1.3352084027228073	1.391075224095058	1.306126834598212	1.3242722837427678	1.3152361519487312	1.2052002146670993	0.4239962271123741	0.47640501935093116	0.4180534909626108	0.5155584734260444	0.48796298193799864	0.4146018775173358	0.49904886915051644	0.5321772664867037	0.4782892252586343	0.55651264407511	0.526725062793571	0.46259622234512626
GGA	Gly	G	25359	8248	10630	7270	10932	10437	7584	30688	38747	19610	39230	34859	19194	1.2294424855650845	1.216278719927836	1.1706321895316691	1.146254425286664	1.1926060194869246	1.175014697838296	1.660493821444662	1.642714745347784	1.5810642146534724	1.5481394317663246	1.6107422266813445	1.586983261742722	0.5578270840599978	0.5951648384263682	0.5353593705162738	0.6376173254589009	0.6322059520864529	0.5775556113230552	0.6206278826088333	0.6284458436568678	0.5789682581197276	0.6505906520479353	0.6450691757795138	0.6091373473658999
GGC	Gly	G	22817	7787	9871	7081	10152	9529	7752	38473	48001	24481	49488	43147	26333	1.034057994267781	1.0022437051849136	1.0128684375349848	0.993024223213255	0.9865303927996348	1.0872100088141978	1.388296631668606	1.3455836787998925	1.3598481399962192	1.3332058664934887	1.3244874358640346	1.4596570033017684	0.46917652713636443	0.4904305263974487	0.463210062036195	0.5523812474379678	0.5229643118105639	0.5343969249341614	0.5188911803332336	0.5147737747099118	0.49796137413275143	0.5602668959904459	0.5304300119724613	0.5602652633392687
GGG	Gly	G	14143	4061	5398	3826	5545	5247	3995	13310	17219	9244	18666	16370	9362	0.8743993724337332	0.8955194988404617	0.9211167783048981	0.8783056505186942	0.886140539837503	0.9128578982614072	1.2448792353865803	1.2749478832394454	1.3113906377658722	1.250440589418753	1.2615950931066846	1.299632500011182	0.3967356407114988	0.4382068921395487	0.42124973413089956	0.48856771015659567	0.46974718768515666	0.44869753752986885	0.46528734644100855	0.48775096246629185	0.4802167718584625	0.5254855872309724	0.505242920560005	0.4988424973921782
GGT	Gly	G	54894	27174	32054	24992	32905	31276	26248	624665	754203	380696	697167	637251	371906	1.2950397795534367	1.2903546483933734	1.2823694330832929	1.2710537986850854	1.249296065694412	1.3019256397282084	1.545432905626225	1.5398419145414313	1.5303127752103103	1.5168092875004147	1.4908447441354142	1.5536501318965277	0.5875901251598263	0.6314126057136974	0.5864596058471959	0.7070384251116657	0.6622576070762948	0.6399362153798908	0.5776225960891269	0.5890902567367655	0.560383641366564	0.6374244613492988	0.59705269681547	0.5963429753120845
CAC	HIS	H	17793	6645	8161	6148	8309	8026	6542	138155	159139	87550	138750	137325	84413	1.1567246427076403	1.1558205129350656	1.1968864729041693	1.076269478337412	1.1367401055046755	1.2422735947584405	1.530799670338196	1.52960315259603	1.5839494988757072	1.4243259820050258	1.5043523017660612	1.644014434476529	0.5248332818150258	0.5655806663062353	0.5473661107591512	0.5986873865973735	0.6025911733907003	0.6106154133826327	0.5721532629815669	0.5851732605528558	0.5800248173441067	0.5985592449539352	0.6024621961898969	0.6310278222774555
CAT	HIS	H	32079	11645	14945	10746	15349	14648	11001	77815	97100	49340	93279	88496	47302	1.4261250468922677	1.4276836819450052	1.4574459019491284	1.377421677554413	1.4529617132889907	1.4003830149507297	1.8409925705938455	1.843004621050858	1.8814248325402854	1.7781211265299	1.87563616903813	1.807762041714465	0.6470666060049112	0.6986121798950623	0.6665264526351041	0.7662067920494297	0.7702217063185812	0.6883310223899834	0.6880912811781449	0.7050698225117596	0.6889569999646042	0.7472382392646841	0.751153758548003	0.6938796402612799
ATA	Ile	I	41624	4864	7355	4937	8945	6888	5633	10312	14323	8207	18188	12912	9105	0.3432282392432341	0.37001391677194306	0.41975111168550144	0.4315683208395039	0.3528493587452768	0.4590772189810029	0.7372172057516062	0.7947499495183116	0.90158007496761	0.9269621645401471	0.757882331823799	0.9860483081100813	0.15573075610454404	0.18105987499653628	0.1919626787431484	0.2400648864824713	0.18704707266580908	0.22565047427989685	0.2755430628644877	0.30404384202173024	0.33014866867621584	0.38954690170501866	0.30351630635194815	0.3784783779743372
ATC	Ile	I	39789	13226	16940	12799	18237	15932	13542	167224	208672	112974	211108	173506	113021	0.7784243536868521	0.8072796997096878	0.8613245768953183	0.8800495274355719	0.7608560166632753	0.8861048327062956	1.0730573243086945	1.1128343948083692	1.1873352130712242	1.2131475418214372	1.048839386329513	1.221494775102231	0.3531895086404495	0.39502828107615845	0.39390526539454845	0.4895377619279473	0.4033332840481993	0.4355475887165693	0.40106701181471355	0.4257319489438581	0.43478904509057453	0.5098135439670719	0.42003863017773707	0.46885062058562804
ATT	Ile	I	71108	22122	29221	21086	31742	27561	22058	191978	246385	126181	252477	206831	122883	0.832673039288771	0.8936783761035904	0.9022881478337401	0.953626680555493	0.8589138644871049	0.8971127422490469	1.1545680728066987	1.2391568739733265	1.2510950142573873	1.3222800148380556	1.1909530853489276	1.2439188985793583	0.37780341816342894	0.43730597074853883	0.4126389306292844	0.5304659071566749	0.4553142014929082	0.44095831246074796	0.4315325532077945	0.4740585602538707	0.4581371802824799	0.5556754122992275	0.476952247499553	0.47745775049124717
AAA	Lys	K	99826	29623	39229	25921	42608	38986	27586	149798	196705	91815	211173	185687	91364	0.9513672273771323	0.9724068224181491	0.9099969866883767	1.0457223736954226	1.0029917934276404	0.9273692924088045	1.3391312019197632	1.3687462416062346	1.2808990297963043	1.4719441860761318	1.4117972189891093	1.3053520443316597	0.43165777378687825	0.4758303667300318	0.4161643753877108	0.5816952051648199	0.531690576215285	0.4558303309607671	0.5005150586226268	0.5236349700971884	0.46905108169243753	0.6185703355574647	0.5653957866973341	0.5010378501343941
AAG	Lys	K	73513	27051	34129	24824	35622	32643	25559	508841	637449	301585	584861	518888	275691	0.9605036017519024	1.0079906136199415	0.9633313614170522	0.9971175212271572	0.9457928025354724	0.9287368437056389	1.2815141077790158	1.3448717834130945	1.285286934760287	1.3303647880503258	1.2618868032086066	1.2391305617720696	0.4358031625595918	0.493242676091548	0.44055551851273106	0.5546581919577482	0.5013691273004752	0.4565025241909555	0.47898003411555873	0.5145014281578287	0.47065788404129016	0.5590729601995671	0.5053597444638528	0.4756198263924868
CTA	Leu	L	31751	8640	11547	7980	12240	11197	8568	42283	52971	27741	58534	51117	29138	0.7987664381861911	0.8163741766897744	0.8367356899489676	0.8346699574571956	0.8240159723393956	0.8802523376967619	1.1672864720785083	1.1930177421676729	1.222773272498259	1.2197544906900823	1.2041851676599693	1.2863668235011685	0.3624191926746341	0.3994785052178311	0.3826601525785746	0.4642948495327772	0.4368146678912377	0.43267090867229846	0.43628619523180967	0.4564073242767683	0.447766071164187	0.512590050452405	0.48225142466697385	0.49375068628419577
CTC	Leu	L	12022	2202	3086	2049	3390	3058	2386	5788	7199	3847	8037	7090	4549	0.5995015860335038	0.5797189378266243	0.6230740970551529	0.6205786832804645	0.6339328094825378	0.7074637984127548	1.0361138682137412	1.0019236731672911	1.0768540533060738	1.0725412493383761	1.0956210804484	1.2227041093326823	0.2720080244117363	0.2836753799201221	0.284947363798267	0.3452040939088532	0.33605070646060226	0.34774006430125537	0.3872589875773723	0.38330134300346846	0.3943320642599155	0.45072510682014894	0.438773737736825	0.46931480358174044
CTG	Leu	L	24566	6072	7995	5540	8792	7897	6103	18607	23029	12248	26169	22713	13430	0.7461970515290529	0.7672498629109168	0.7905569472947483	0.8062425685168902	0.7945419844078897	0.8932814003278405	1.1351214792162185	1.1671471999671548	1.20260214051909	1.2264632446706252	1.2086642138190735	1.358867476652036	0.3385672207328189	0.37544037662610935	0.3615414589191372	0.4484817845569413	0.4211903709335225	0.43907509088951063	0.42426417433872177	0.44651014963636954	0.4403796253525334	0.5154093395532909	0.4840451906503023	0.5215788660812013
CTT	Leu	L	27774	7753	10343	6881	10702	10053	7483	27933	35062	18599	36536	33290	19594	0.9783497157406494	0.9607846757039094	0.9581518402805482	0.948084694674618	0.9714201944381652	0.9851389528070754	1.4084665546394337	1.383179307119847	1.3793889849293135	1.3648959691308638	1.3984905728026915	1.4182405783711627	0.4439003658407762	0.47014327136445766	0.43818679398934013	0.5273831131999921	0.51495432596005	0.4842258834492861	0.52642991153723	0.5291565617545011	0.5051170157874334	0.5735843557200213	0.5600667482294303	0.5443682518031143
TTA	Leu	L	62931	17567	23743	16082	25875	23700	16800	94172	123072	60643	136807	118088	59695	0.7929098419122198	0.8344209990814423	0.8157762471858749	0.902647701385477	0.8920029212389604	0.8193542447795545	1.1408786442000571	1.2006069893498466	1.1737799806034774	1.298775007336796	1.2834587611516342	1.1789281838768582	0.359761916665074	0.4083094038900398	0.373074875337471	0.5021082584218561	0.47285486310758723	0.4027376360520386	0.42641597825849836	0.45931070775319277	0.42982526863069215	0.5457976597900825	0.5139988705137915	0.4525121366894849
TTG	Leu	L	64449	24449	30554	22285	32117	29717	23033	392899	484082	237607	474318	419158	229763	0.9810956814493815	0.9992351229083205	0.9636336296684598	1.0433245366875168	1.0007947141046758	0.956652122417545	1.2733735213011759	1.2969168768390194	1.250709356341682	1.354140951042649	1.2989410852531869	1.2416479909313751	0.4451462753178077	0.48895832898479713	0.44069375334195215	0.5803613805041343	0.530525894331672	0.47022373626717007	0.4759374001209677	0.4961555395580094	0.45799595661198217	0.5690646631863743	0.5201992232964442	0.47658610004971297
ATG	Met	M	43924	11557	15132	10671	16568	15064	11467	80480	99810	53529	103449	91162	53874	0.7266194973146014	0.7356734042362613	0.7589205641078859	0.8092288783497325	0.8024383883739875	0.81232251282946	1.1016165539157308	1.1153430418222263	1.1505877004650966	1.2268593556756058	1.2165643991073805	1.2315495669446777	0.32968442214020766	0.35998898574237076	0.34707334985824917	0.4501429540552683	0.4253762910998435	0.3992813250351907	0.4117413389161138	0.42669167052274176	0.4213325117210773	0.5155758013794842	0.487209052581788	0.4727099865782463
AAC	Asn	N	58489	23617	29455	21526	29568	28001	21732	389789	469540	239260	413725	395927	222114	1.407528845525504	1.4157269735560085	1.4028190617536411	1.3049475868528033	1.3369305119324755	1.2857733211003037	1.7683755347755552	1.7786754082638951	1.7624583086933177	1.6394956267438592	1.6796779806766025	1.6154056746538572	0.638629070370012	0.6927613725925464	0.6415442327355736	0.7258922380910714	0.7087130312601666	0.6319968574496565	0.6609498630053118	0.6804596907063585	0.645392772498148	0.6889822111281407	0.672676529255979	0.6200468217275986
AAT	Asn	N	86347	30687	40549	27532	41374	38180	27602	149246	193314	92439	187928	165041	85495	1.4291688279923718	1.5000762502535199	1.4424893290006453	1.4131346290320688	1.4117047846657305	1.3262021490203446	1.826374034907905	1.916988574186607	1.8433966684113592	1.8058834923785227	1.8040562550546388	1.6947900923730124	0.6484476413567256	0.734036224166069	0.659686437854728	0.7860725357299668	0.7483512181487728	0.6518688611508794	0.682627442209016	0.7333735240382365	0.6750315061477442	0.7589051055231331	0.7224874733095309	0.6505172210048609
CCA	Pro	P	41834	19501	23237	17952	22465	22169	18012	406596	473953	250841	365977	367721	219174	1.6493313658049242	1.5811349333916065	1.640772487702417	1.3006133237033313	1.4493521172273256	1.4737961486831626	2.002325324503996	1.9195333237617012	1.9919346542425176	1.5789737886707438	1.7595460249017076	1.7892216281381184	0.7483405830186345	0.7737008810103455	0.750366284159849	0.7234812539184168	0.7683082427962403	0.7244158198056934	0.748391177607507	0.7343470572083407	0.7294244764801524	0.6635484928937286	0.7046620404110191	0.686763208338387
CCC	Pro	P	16124	5931	7338	5454	6871	6731	5651	23376	27506	15603	24037	23747	15452	1.5777732232177062	1.4289648277855438	1.6156861602671935	1.1683674931621648	1.3185996436937235	1.5103076482514364	2.0599202794463394	1.8656379662521545	2.109418918878399	1.5254054623276718	1.7215466117342184	1.9718380988183126	0.7158729641679401	0.6992390863308092	0.7388936793704152	0.6499179760696429	0.6989957534516601	0.742362336978858	0.7699179273449548	0.7137285575478262	0.7724459169898419	0.6410369208417894	0.6894440559774945	0.7568575283082783
CCG	Pro	P	12413	4418	5589	3821	5302	5160	3982	15851	19242	9740	17639	16413	9956	1.7104449023224833	1.6197363022495057	1.5766249740534952	1.3554712124486152	1.4240023138191598	1.5419575596105008	2.2405817404526154	2.1217588349327894	2.065285542731747	1.775587184479175	1.8653588773150307	2.0198732785400115	0.7760692374879935	0.7925897895170333	0.7210300222371268	0.7539965911162141	0.754870195078052	0.7579192350644176	0.8374421412657231	0.8117115432438939	0.7562847619426574	0.7461733745779473	0.7470379143171578	0.7752950396931108
CCT	Pro	P	31727	15196	17946	13863	17339	16995	14086	110036	129755	69518	112976	109341	66675	2.203984927760966	2.0435997582513603	2.1866287469719077	1.6844327399792467	1.8664871759028783	2.0344615735731337	2.611901606270438	2.4218321205005573	2.5913331187501014	1.9961899574675614	2.2119392884308464	2.411002627549485	1.0	1.0	1.0	0.9369852581484043	0.9894334615269575	1.0	0.9762270371303846	0.9265092034229284	0.9489175759376313	0.8388795604531741	0.8858362499145477	0.9254235885417922
CAA	Gln	Q	64740	21747	27478	19082	29857	28400	21090	225191	274759	135591	290190	273063	144299	0.948837173743705	0.9483434332064883	0.9230970000001577	1.036974611446587	1.084273204635633	1.0166368914193242	1.2802775870814396	1.2796113769443112	1.24554605627366	1.3992025082336814	1.463023077701352	1.3717605742077335	0.4305098287163112	0.46405536572286243	0.4221553390251926	0.5768291609029118	0.5747782272249509	0.49970808228822944	0.47851787086482706	0.48953505385771745	0.45610521313753866	0.5880013476178022	0.5859106908891651	0.526527668903345
CAG	Gln	Q	28895	10228	12906	9000	13997	13215	10204	37632	46350	23922	53191	47771	28353	1.2923647736533732	1.2516262438193486	1.2598144008783492	1.3514312003033568	1.3755518375547522	1.459827804554429	1.654316224459054	1.6021680908678546	1.612649497779644	1.7299253325993662	1.7608014152369895	1.8686804772338734	0.5863764118234193	0.6124615344886922	0.5761446256585478	0.7517492874792079	0.7291863741218576	0.717549952044819	0.618318937590626	0.6129340960730182	0.5905344400523104	0.7269844220981908	0.7051647984535213	0.7172621768717945
AGA	Arg	R	50062	15730	19955	14415	21422	19727	15195	239728	297499	157425	296337	263198	149674	0.7828739388591774	0.7919807961415911	0.7836341144904918	0.8218463849845624	0.782910560414423	0.782391075024059	1.1207071956234855	1.1337439311428588	1.1217954095205953	1.1764974047948553	1.120759620462839	1.1200159617636485	0.35520839049226216	0.38754202868924903	0.3583754743806811	0.4571615885372666	0.41502449942209546	0.3845691091869296	0.41887667684252633	0.4337312143302659	0.4107890926866594	0.4944116776645222	0.4488412066457546	0.429899652001988
AGG	Arg	R	22019	3211	4695	3018	5453	4563	3510	7987	10714	5731	12625	9965	6347	0.40171422731975437	0.4332107178373218	0.43143459279490237	0.48542739721643274	0.418824477127867	0.5108768697936069	0.7889177284475268	0.8507729928701381	0.8472848999956257	0.9533201801024468	0.8225201714126386	1.003299839099664	0.18226722980717336	0.21198413049725826	0.1973058267858056	0.2700246227099285	0.22202078724510163	0.2511115847208417	0.29486670352857824	0.32547632069349747	0.31026637510047683	0.400623603311799	0.3294024333914362	0.3851000935767155
CGA	Arg	R	6534	663	968	648	1223	1008	761	1303	1631	929	2240	1718	1063	0.4306320544834935	0.4056470514341351	0.4681360064477302	0.5234811073973248	0.4659847869616327	0.5720907661288224	0.9869343542599601	0.9296730389584843	1.072886940066457	1.1997283604819782	1.0679567162424792	1.3111333096758069	0.19538793077000474	0.19849632972223175	0.21409030092374637	0.2911924405818294	0.24702068502523758	0.2812000843663303	0.36887760173980755	0.3556607493467259	0.39287935119436296	0.5041742625441916	0.4276947281217701	0.5032568934734429
CGC	Arg	R	5725	1196	1593	1136	1807	1578	1230	3493	4446	2422	5017	4153	2655	0.6396003225037635	0.6046584001799471	0.6984165039641397	0.6945003198088796	0.6521276034024726	0.702717337190045	1.0625977499518415	1.0045471099913514	1.160311806498752	1.1538056677033766	1.0834099040856515	1.1674569806770192	0.2902017679193184	0.29587907208275116	0.3194033303235963	0.38632386203101815	0.3456958506450311	0.34540703364372694	0.39715763051967473	0.38430497919340717	0.42489337198209515	0.48487569419460835	0.4338834124314248	0.4481091045613629
CGG	Arg	R	3748	1250	1605	1152	1646	1533	1190	5078	6348	3336	6079	5473	3011	2.0212714580228974	1.9747538066465922	2.0630674039280392	1.7977153059034128	1.8864201065349002	1.96822970015901	2.6755063186409096	2.613932070564712	2.7308305636446764	2.3795906487329272	2.4970069678726983	2.605296274486096	0.9170985847332052	0.9663114309312322	0.9434923083239535	1.0	1.0	0.9674450113610157	1.0	1.0	1.0	1.0	1.0	1.0
CGT	Arg	R	14639	4856	5990	4488	6626	5967	4843	55544	67168	33901	66129	59579	33228	0.7819592994729169	0.7474760484849549	0.775958445577513	0.830199962031932	0.7835175246327803	0.8239431192102764	1.1038671345211215	1.0551882231216252	1.0953959194608691	1.171966947366003	1.1060668315428421	1.1631343608601	0.3547933970071707	0.3657644044372686	0.35486519906594916	0.4618083627066458	0.4153462539540021	0.40499320798828436	0.41258251824344727	0.4036785175116135	0.40112189091618694	0.4925077966624412	0.4429570464855953	0.4464499382472469
AGC	Ser	S	22561	4562	6129	4155	6683	5795	4532	14790	18222	10153	20086	16275	10471	0.565552704165681	0.5680954638613342	0.6049796460173211	0.6108380573716715	0.5567281169271608	0.6344705287910801	0.9615248348667618	0.9658479095836897	1.0285565782815962	1.0385167605397347	0.946521706555665	1.078695523741941	0.25660461514145994	0.27798763508732965	0.2766723189087816	0.3397857577146815	0.29512414281344546	0.3118616429194859	0.35938051357516226	0.369500003638208	0.376646062181479	0.4364266438400735	0.3790625011199089	0.414039483457488
AGT	Ser	S	33430	7681	10562	6981	11562	9909	7324	26619	34695	17739	38171	31055	18041	0.6802359956324829	0.69412645947276	0.699397835939088	0.7485959539492878	0.6655614810620077	0.7049833492938631	1.0663176092091298	1.088091885031153	1.0963551371773288	1.1734766360557392	1.0433142789038226	1.1051108209178393	0.3086391322664518	0.3396587108948871	0.3198521179727605	0.41641518625948004	0.3528172111590533	0.34652084780136583	0.39854796895071154	0.41626632049243817	0.4014731458527728	0.49314222876131497	0.41782593814412317	0.4241785595520518
TCA	Ser	S	43732	12194	16012	10876	17277	16123	11586	42415	53539	27552	59736	52497	28727	0.9446352963795929	0.9086608464458222	0.9605205012977788	0.9629705115838528	0.9948432938371227	0.9648899796252125	1.3496729868424058	1.2982735277302893	1.3723693989399655	1.375869916772904	1.4214090083012627	1.3786124081602782	0.4286033377457124	0.44463738203968706	0.4392700418980264	0.5356635215941089	0.5273710189956128	0.4742728946856303	0.504455167023491	0.49667454726541965	0.5025465209047412	0.5781960512853421	0.5692451108825775	0.5291576323434517
TCC	Ser	S	33005	12870	15904	11769	16132	15556	12338	170970	203168	108997	188054	177270	105071	1.1379969663129919	1.111705020849643	1.154117559429988	1.0874644263924602	1.1245591672148367	1.1589398560935422	1.4597586425635558	1.4260328104602593	1.4804372347060535	1.3949383363032706	1.4425213880266492	1.4866230062326995	0.5163360928557192	0.543993517498207	0.5278068172424037	0.6049147063616798	0.5961340018160115	0.5696543356471909	0.5456008951999324	0.5455508299235107	0.5421197691336084	0.5862093705259939	0.5777001852964759	0.5706157187538838
TCG	Ser	S	19889	5414	7244	4811	8012	7280	5434	17440	21870	11147	25894	21843	12503	0.9279126232410514	0.9308706061064799	0.9186989651852874	1.0122003694466803	0.9874528392276668	1.0322595106899057	1.3163519374922448	1.320548180089285	1.303281292337388	1.4359239049875197	1.4008166561625581	1.464380128966586	0.4210158661038214	0.455505341663866	0.4201440077368059	0.5630482013046083	0.5234533049170499	0.5073870768062451	0.49200105726564636	0.5051960588264235	0.47724721910171397	0.603433160132863	0.5609982968353392	0.5620781572166644
TCT	Ser	S	54883	22263	27318	19953	28135	26920	20861	289168	343580	175245	328876	309765	169762	1.2862117569631875	1.2487721063012367	1.2434617520663538	1.2485679424238567	1.2875459599385506	1.23800411604936	1.6138442161224165	1.566867687298662	1.5602046441246815	1.5666115174332669	1.6155182762009892	1.5533568025682318	0.583584642872242	0.6110649119325445	0.5686661504785975	0.6945304066354427	0.6825340524511262	0.6085168341985678	0.6031920780296303	0.5994293826312621	0.5713297137125819	0.6583533677388792	0.6469818855080388	0.5962303856879528
ACA	Thr	T	41088	13509	17191	12464	17693	16960	13071	54807	66473	36485	69799	65042	37843	1.140250229059425	1.1110198767945432	1.195333001318334	1.067617984541146	1.1394160103449482	1.1969059932092838	1.5262273646152278	1.4871024757381566	1.599955772817139	1.429008950347806	1.5251107610858792	1.6020612258195606	0.5173584513655491	0.5436582541706726	0.5466556693602689	0.5938748927793279	0.604009682889726	0.5883158516025213	0.5704443132806777	0.5689139715925686	0.585886138128531	0.6005272171954104	0.6107755327511893	0.6149247751623077
ACC	Thr	T	28450	11477	13715	10555	13742	13732	11061	215008	248708	137935	215860	222016	132033	1.1013963766832835	1.0349843995843853	1.0951809401632844	0.9795816323801488	1.1022846200652765	1.1209966202711679	1.4243057689381553	1.3384230076443528	1.4162680794384293	1.2667771564188743	1.4254544291298687	1.4496524475779422	0.49972954116441937	0.5064516157850727	0.5008536276127876	0.5449036502962163	0.584326161625803	0.5510040763770025	0.5323499926031448	0.5120343495977694	0.5186217329969461	0.5323508718162939	0.5708652188280722	0.5564251796521266
ACG	Thr	T	18673	6253	7961	5392	7990	7868	5690	20972	26310	13677	26484	25156	13750	1.2788159055510928	1.2422852671331677	1.2428617213737787	1.1493301093564865	1.2888970026152589	1.2003572166844452	1.7031117184477251	1.6544606513927425	1.6552283662515206	1.530664084731023	1.7165376028696047	1.5986213755900893	0.5802289704631716	0.6078906900028944	0.5683917414398404	0.6393282104136668	0.6832502464060294	0.5900122333479382	0.6365567917301214	0.6329394210444474	0.606126351553055	0.6432468061454449	0.6874380508164912	0.6136044453928462
ACT	Thr	T	46590	18378	22260	16932	22879	22441	17415	255620	295253	156558	273408	279516	151733	1.175060440310606	1.1171513379230131	1.1977467414628158	1.0897586593854272	1.1885817957175475	1.1845926539587963	1.508114539931989	1.4337919295290262	1.5372309491405907	1.3986351874815308	1.5254683304173589	1.5203485233999152	0.533152666113898	0.5466585780372777	0.5477595330809961	0.6061909000868113	0.6300726925036928	0.5822634692865155	0.5636744452534403	0.5485192005082484	0.5629170002729648	0.5877629365480442	0.6109187319236707	0.5835607022083541
GTA	Val	V	27510	5641	7746	5039	8618	8015	5513	15572	19881	10150	22837	20207	10943	0.5812408694748156	0.56494737805723	0.5783285910696853	0.6217355221680482	0.625146548308827	0.6058598399414088	0.9618585370098759	0.934895474636333	0.9570391927530704	1.0288705615280922	1.034515251682858	1.0025989050040998	0.26372270615539084	0.2764471740496958	0.2644841251038008	0.3458475989642893	0.3313930688838644	0.2977986155213217	0.3595052384322067	0.3576586726044334	0.35045718525860037	0.43237292181995257	0.4143021084815809	0.3848310515862024
GTC	Val	V	26436	9163	11203	8453	11576	11255	8921	163051	192409	99715	172456	176499	97163	0.6607809194348968	0.6281227742255272	0.638817809833057	0.6755445319829132	0.6933977929079267	0.6999587183670287	0.933240965176885	0.8871168746354331	0.9022217983089376	0.9540920636553207	0.9793067663913854	0.9885729607196693	0.29981190484192005	0.3073609554362987	0.29214735730411767	0.37577948508561493	0.3675733684696592	0.3440510882383923	0.3488091052802851	0.33938023280145185	0.3303836606782356	0.40094797992392134	0.3921922441512835	0.3794474242338019
GTG	Val	V	25111	7302	9407	6473	10130	9473	7014	28272	34106	17617	38268	33915	19151	0.8219512777427679	0.7936691215414822	0.7954372233121356	0.8405901874554257	0.8355170691496205	0.8314942568872778	1.170705918250789	1.1304236186275498	1.132941927514006	1.197253333531016	1.1900276867251587	1.184297991728553	0.3729387017985601	0.3883681813608151	0.36377333116729343	0.46758804616896815	0.44291145236166557	0.4087048227836129	0.4375642509584797	0.43246097760426266	0.41487082450180873	0.503134156359424	0.47658164435920325	0.45457324885714195
GTT	Val	V	51167	16917	21121	15371	22156	21113	16068	229425	276019	136469	257707	247959	129188	0.6833216084946909	0.6843863390507511	0.6804229698013312	0.7067278583699369	0.7393078653872516	0.6894086315802797	0.966884675253667	0.9683912449934953	0.962783166832353	1.0000039912948913	1.0461039669331462	0.9754976757298793	0.3100391476764222	0.33489255236375515	0.31117443724436356	0.3931255722467036	0.39191050966121255	0.3388653983616256	0.36138381304396255	0.3704729957975858	0.35256056514446793	0.42024202432774244	0.418943150897318	0.37442869177030536
TGG	Trp	W	23648	5767	7641	5436	8373	7319	5988	41404	53091	27334	57353	46638	29109	0.6101166531085648	0.6343092755373841	0.6595745651617942	0.7155000402785099	0.6337499998385933	0.6867492934194016	0.9823011038066	1.0212517529893832	1.061929419726723	1.1519706530845726	1.0203513069296741	1.105681324263481	0.27682433097597625	0.31038821225940116	0.3016399405135361	0.39800520022771174	0.33595379822509774	0.33755825243396503	0.3671458732736555	0.39069559782735774	0.38886682823317653	0.48410454701440697	0.40862973954732407	0.4243975378506925
TAC	Tyr	Y	33318	11171	14070	10351	14707	13536	10552	143422	170613	89791	161758	148677	84957	0.8070228637255606	0.8059392196609854	0.827481777422416	0.8290588222814248	0.8155776884900657	0.8083104985065028	1.1267343183711125	1.1252213761592655	1.155298267690247	1.1575000771359585	1.1386782360506207	1.128532064584297	0.36616532788425976	0.3943723404775701	0.3784281069972812	0.46117359047838485	0.43234149469927574	0.39730929746039073	0.4211293804544126	0.43047077957009555	0.42305746942730105	0.4864282340966075	0.4560172441251564	0.43316841759461844
TAT	Tyr	Y	43773	12675	16898	11370	17941	16297	11497	50207	65753	32822	70740	59813	31626	0.8721414724474184	0.9045722767348175	0.9025814051747579	0.9344029504519616	0.903664741405073	0.834726109735298	1.2423928883572262	1.2885915864850679	1.2857555274900636	1.331086317044185	1.2872987739366135	1.18909353037761	0.39571117817644474	0.44263671155883755	0.4127730445438773	0.5197724842101139	0.4790368477703429	0.41029337716576525	0.4643580468119884	0.49297057142218753	0.4708294775249778	0.5593761757943347	0.5155367167570685	0.4564139372640691
