Sample	Digest	Site	A	T	C	G
elp6d_ribo_YPD1	End_3p	-10	0.2905115245549347	0.2784031246398516	0.1995703033730997	0.2315150474321139
elp6d_ribo_YPD1	End_3p	-9	0.299929451719077	0.2793258237857642	0.2152122033753515	0.2055325211198072
elp6d_ribo_YPD1	End_3p	-8	0.2848744120538579	0.3135583106632916	0.2253371625228012	0.1762301147600492
elp6d_ribo_YPD1	End_3p	-7	0.2979574084464401	0.2831195851179034	0.196770724505007	0.2221522819306493
elp6d_ribo_YPD1	End_3p	-6	0.3173018344932128	0.2719560707346244	0.2134228519885336	0.197319242783629
elp6d_ribo_YPD1	End_3p	-5	0.2693177166258524	0.2858542646576903	0.2201549539239666	0.2246730647924906
elp6d_ribo_YPD1	End_3p	-4	0.2656306269944579	0.2736830125371892	0.1663371444306611	0.2943492160376919
elp6d_ribo_YPD1	End_3p	-3	0.2965351559882743	0.2659399638610884	0.205823876501613	0.2317010036490242
elp6d_ribo_YPD1	End_3p	-2	0.2137322995104554	0.3689406753192834	0.2501377796694914	0.1671892455007697
elp6d_ribo_YPD1	End_3p	-1	0.2632651488338564	0.291591575524975	0.1938780292093452	0.2512652464318233
elp6d_ribo_YPD1	End_3p	0	0.3620827029900775	0.2413760383823369	0.2404531179258418	0.1560881407017437
elp6d_ribo_YPD1	End_3p	1	0.3151360891332797	0.2855637391905687	0.23599238182582	0.1633077898503315
elp6d_ribo_YPD1	End_3p	2	0.3048435978749094	0.2564989097410793	0.1988587898504975	0.2397987025335137
elp6d_ribo_YPD1	End_3p	3	0.3133281476575353	0.2603899370742088	0.1991552353756999	0.2271266798925559
elp6d_ribo_YPD1	End_3p	4	0.2918012119742082	0.2915535101047922	0.2188896659964091	0.1977556119245904
elp6d_ribo_YPD1	End_3p	5	0.292362953560132	0.2752301394915068	0.1897084271805469	0.2426984797678142
elp6d_ribo_YPD1	End_5p	-5	0.3181614927563891	0.2603343972896642	0.1930524903998521	0.2284516195540945
elp6d_ribo_YPD1	End_5p	-4	0.3208077620357443	0.2736556625033055	0.203689748098383	0.2018468273625671
elp6d_ribo_YPD1	End_5p	-3	0.3112887070764227	0.2789978915835821	0.204984247053305	0.20472915428669
elp6d_ribo_YPD1	End_5p	-2	0.307397242021116	0.2648585034731074	0.1923111166716292	0.2354331378341473
elp6d_ribo_YPD1	End_5p	-1	0.3230180495562796	0.2552106294333781	0.2339892353065874	0.1877820857037547
elp6d_ribo_YPD1	End_5p	0	0.356014271250597	0.2980880160793658	0.2266284532906607	0.1192692593793764
elp6d_ribo_YPD1	End_5p	1	0.270117509229959	0.3285606454278605	0.2206997875204523	0.180622057821728
elp6d_ribo_YPD1	End_5p	2	0.3223022957740314	0.2654397940399816	0.1816487923736891	0.2306091178122978
elp6d_ribo_YPD1	End_5p	3	0.3165574517328241	0.3154142930635186	0.130116069422196	0.2379121857814612
elp6d_ribo_YPD1	End_5p	4	0.2768599264591347	0.2058075714078525	0.2567502055820826	0.26058229655093
elp6d_ribo_YPD1	End_5p	5	0.2880882136240896	0.2986154660254339	0.2136634325957758	0.1996328877547006
elp6d_ribo_YPD1	End_5p	6	0.2750528072460954	0.2944270752031736	0.2289141619480499	0.201605955602681
elp6d_ribo_YPD1	End_5p	7	0.3011887488928227	0.2935443214275102	0.1910866713918774	0.2141802582877897
elp6d_ribo_YPD1	End_5p	8	0.2906855670670701	0.2832990544358557	0.2204415960130716	0.2055737824840026
elp6d_ribo_YPD1	End_5p	9	0.2873895582507099	0.2832081949298293	0.2239053795080383	0.2054968673114224
elp6d_ribo_YPD1	End_5p	10	0.3098511680343641	0.2635877984204943	0.2087313439897183	0.2178296895554231
elp6d_ribo_YPD2	End_3p	-10	0.2876273630823808	0.28559334404159	0.2164810371124568	0.2102982557635723
elp6d_ribo_YPD2	End_3p	-9	0.2973686650831409	0.2732302406840554	0.2084204771611922	0.2209806170716115
elp6d_ribo_YPD2	End_3p	-8	0.2948058155584518	0.3009980726005917	0.222931741879801	0.1812643699611554
elp6d_ribo_YPD2	End_3p	-7	0.2906192228108725	0.2966350583579737	0.2110248461357182	0.2017208726954354
elp6d_ribo_YPD2	End_3p	-6	0.3087600397140048	0.2687825962039649	0.2021466278901045	0.2203107361919257
elp6d_ribo_YPD2	End_3p	-5	0.2806275744409738	0.2672338628582192	0.2195617947570627	0.2325767679437441
elp6d_ribo_YPD2	End_3p	-4	0.2638100272509364	0.2819774628954276	0.1871364064380898	0.2670761034155461
elp6d_ribo_YPD2	End_3p	-3	0.2941668934323029	0.2676282252981335	0.194393919469338	0.2438109618002255
elp6d_ribo_YPD2	End_3p	-2	0.2199218711007703	0.3490671794825056	0.2563104138736879	0.174700535543036
elp6d_ribo_YPD2	End_3p	-1	0.2648938729588742	0.3001893836647439	0.216147073175354	0.2187696702010279
elp6d_ribo_YPD2	End_3p	0	0.3603195290565985	0.2371719728378891	0.2379966474852595	0.1645118506202528
elp6d_ribo_YPD2	End_3p	1	0.3301675837835734	0.2745219729753228	0.2277811991540448	0.1675292440870589
elp6d_ribo_YPD2	End_3p	2	0.3001438135368741	0.2655631751702695	0.2142862929540047	0.2200067183388516
elp6d_ribo_YPD2	End_3p	3	0.3076840783615239	0.2571651792721597	0.1929250423476688	0.2422257000186476
elp6d_ribo_YPD2	End_3p	4	0.3023118666204311	0.2803210249141292	0.213860393092263	0.2035067153731766
elp6d_ribo_YPD2	End_3p	5	0.2879491026518487	0.286116098508439	0.2038475509962281	0.2220872478434841
elp6d_ribo_YPD2	End_5p	-5	0.3216041591626579	0.2587832441002847	0.1937906848698276	0.2258219118672298
elp6d_ribo_YPD2	End_5p	-4	0.3183207581880476	0.2774139963729006	0.2090489104269665	0.1952163350120851
elp6d_ribo_YPD2	End_5p	-3	0.3123401460750637	0.2730241919236019	0.1997669564434836	0.2148687055578508
elp6d_ribo_YPD2	End_5p	-2	0.3117636501099929	0.2626175318579309	0.1934090067782585	0.2322098112538176
elp6d_ribo_YPD2	End_5p	-1	0.3191908916386527	0.2576177369484142	0.2446432138163418	0.1785481575965913
elp6d_ribo_YPD2	End_5p	0	0.3676692179151131	0.2918125057738215	0.2217559116517944	0.1187623646592709
elp6d_ribo_YPD2	End_5p	1	0.2794986127274596	0.3277336517745897	0.2241321399068679	0.1686355955910827
elp6d_ribo_YPD2	End_5p	2	0.3213634762569243	0.2646211971540241	0.1897155695218035	0.224299757067248
elp6d_ribo_YPD2	End_5p	3	0.3145026027682368	0.2970156549508517	0.1279386988524409	0.2605430434284704
elp6d_ribo_YPD2	End_5p	4	0.2826334225724105	0.2033712679590719	0.2530709496600887	0.2609243598084289
elp6d_ribo_YPD2	End_5p	5	0.284544200326886	0.3021053713667787	0.2193979136618981	0.1939525146444371
elp6d_ribo_YPD2	End_5p	6	0.2758144352882375	0.2888377171454269	0.2199929292614348	0.2153549183049007
elp6d_ribo_YPD2	End_5p	7	0.3047334955875162	0.2870390699902562	0.1957336549576518	0.2124937794645756
elp6d_ribo_YPD2	End_5p	8	0.288596817212727	0.2856600806457738	0.2289811010747392	0.1967620010667599
elp6d_ribo_YPD2	End_5p	9	0.2925017110767742	0.2734470327964641	0.2184990603094066	0.215552195817355
elp6d_ribo_YPD2	End_5p	10	0.3179065260515191	0.2571049745691418	0.2101232662529505	0.2148652331263884
elp6d_ribo_YPD3	End_3p	-10	0.2888980894586475	0.274859955659623	0.2032421782779325	0.232999776603797
elp6d_ribo_YPD3	End_3p	-9	0.2994011444185172	0.2771145928475447	0.220056008033008	0.2034282547009301
elp6d_ribo_YPD3	End_3p	-8	0.2823415265924704	0.3094488234230284	0.2330396341288193	0.1751700158556817
elp6d_ribo_YPD3	End_3p	-7	0.2956833479365632	0.2756990535927714	0.1985619793097646	0.2300556191609006
elp6d_ribo_YPD3	End_3p	-6	0.3136753631457171	0.2667339467660208	0.2165199588795736	0.2030707312086884
elp6d_ribo_YPD3	End_3p	-5	0.2572366598767059	0.2847644759881176	0.2240251905529306	0.2339736735822458
elp6d_ribo_YPD3	End_3p	-4	0.2525104829395984	0.2666128067601945	0.1674497476100599	0.3134269626901471
elp6d_ribo_YPD3	End_3p	-3	0.2918516514860997	0.2545227654763075	0.2163573192784056	0.2372682637591871
elp6d_ribo_YPD3	End_3p	-2	0.208796928970233	0.3644513122791555	0.2625836140340585	0.1641681447165529
elp6d_ribo_YPD3	End_3p	-1	0.2669671953909176	0.2814189816312789	0.204257350933043	0.2473564720447604
elp6d_ribo_YPD3	End_3p	0	0.3691251668847261	0.237042553729847	0.2436890572657842	0.1501432221196426
elp6d_ribo_YPD3	End_3p	1	0.3171414750314624	0.2845277193039025	0.2384825001207295	0.1598483055439055
elp6d_ribo_YPD3	End_3p	2	0.3057415511190299	0.2548344602787294	0.1951996164123734	0.2442243721898672
elp6d_ribo_YPD3	End_3p	3	0.3142497891992227	0.2604395180344478	0.1973898396600436	0.2279208531062857
elp6d_ribo_YPD3	End_3p	4	0.2891029750507567	0.2936856201140477	0.22170024289952	0.1955111619356754
elp6d_ribo_YPD3	End_3p	5	0.2910800277151614	0.2732988692629142	0.188691345341495	0.2469297576804293
elp6d_ribo_YPD3	End_5p	-5	0.3141408479553707	0.2620366577889012	0.1925179240465471	0.231304570209181
elp6d_ribo_YPD3	End_5p	-4	0.3178051189764644	0.2739415076704625	0.2004753669067089	0.207778006446364
elp6d_ribo_YPD3	End_5p	-3	0.3085603889227164	0.2805387332362474	0.2030379977768636	0.2078628800641725
elp6d_ribo_YPD3	End_5p	-2	0.3043385795978304	0.2683962820130111	0.1899506650635481	0.2373144733256103
elp6d_ribo_YPD3	End_5p	-1	0.3234588066978348	0.2595000787152418	0.2240284303479094	0.1930126842390139
elp6d_ribo_YPD3	End_5p	0	0.3441199714340932	0.3035363484891339	0.2325862588791651	0.1197574211976078
elp6d_ribo_YPD3	End_5p	1	0.2570403113854039	0.3342204380598383	0.2373029776904806	0.1714362728642771
elp6d_ribo_YPD3	End_5p	2	0.3184164031068372	0.2651406285678924	0.1831162860379763	0.2333266822872939
elp6d_ribo_YPD3	End_5p	3	0.3101959789313374	0.3036978099098197	0.1374534585402081	0.2486527526186347
elp6d_ribo_YPD3	End_5p	4	0.2628055216969289	0.1954049706977007	0.2661800877833571	0.2756094198220132
elp6d_ribo_YPD3	End_5p	5	0.2803627903011774	0.29242940019135	0.2201385015021585	0.2070693080053139
elp6d_ribo_YPD3	End_5p	6	0.2671015301212887	0.2930936090315084	0.2392823916952546	0.2005224691519483
elp6d_ribo_YPD3	End_5p	7	0.295623021994957	0.2913520203093535	0.1993557368332615	0.2136692208624279
elp6d_ribo_YPD3	End_5p	8	0.2870897523205694	0.2764610672323713	0.2252810813421437	0.2111680991049155
elp6d_ribo_YPD3	End_5p	9	0.2823124948073693	0.2805223109003478	0.2303357270380846	0.2068294672541981
elp6d_ribo_YPD3	End_5p	10	0.3014669848718188	0.2642677814148275	0.2168679933077488	0.2173972404056048
ncs2d_elp6d_ribo_YPD1	End_3p	-10	0.2911844074769363	0.2748755315251128	0.2073072935831062	0.2266327674148446
ncs2d_elp6d_ribo_YPD1	End_3p	-9	0.2995156705673168	0.2736705915348156	0.218535578492285	0.2082781594055824
ncs2d_elp6d_ribo_YPD1	End_3p	-8	0.2891337439445394	0.3025306083467508	0.2265995654052246	0.1817360823034851
ncs2d_elp6d_ribo_YPD1	End_3p	-7	0.2987695530540771	0.2805239745852287	0.2029275090758669	0.2177789632848271
ncs2d_elp6d_ribo_YPD1	End_3p	-6	0.3161724352228792	0.2684271641655788	0.213649268032402	0.2017511325791399
ncs2d_elp6d_ribo_YPD1	End_3p	-5	0.275055505947847	0.274092891801291	0.2173059323007117	0.2335456699501501
ncs2d_elp6d_ribo_YPD1	End_3p	-4	0.2656554311066113	0.266077291934724	0.1731482360358206	0.295119040922844
ncs2d_elp6d_ribo_YPD1	End_3p	-3	0.2979086444752246	0.2579035430840995	0.2016435190067833	0.2425442934338924
ncs2d_elp6d_ribo_YPD1	End_3p	-2	0.2154306535014839	0.3550516955289783	0.2491054499731649	0.1804122009963727
ncs2d_elp6d_ribo_YPD1	End_3p	-1	0.2609618876084631	0.2901954758551079	0.2065164021833641	0.2423262343530647
ncs2d_elp6d_ribo_YPD1	End_3p	0	0.3653949515758455	0.2387404661405905	0.2426099162293766	0.1532546660541872
ncs2d_elp6d_ribo_YPD1	End_3p	1	0.3208627561730348	0.2819325210168721	0.231775758704981	0.1654289641051121
ncs2d_elp6d_ribo_YPD1	End_3p	2	0.3058174608196756	0.2576490594456592	0.2020105965190232	0.2345228832156419
ncs2d_elp6d_ribo_YPD1	End_3p	3	0.3108613343457993	0.261156314670679	0.1994273825176185	0.2285549684659031
ncs2d_elp6d_ribo_YPD1	End_3p	4	0.2946921997932882	0.2868624823541084	0.2168968151851149	0.2015485026674885
ncs2d_elp6d_ribo_YPD1	End_3p	5	0.2932027478764385	0.2757901980636588	0.1944568951980519	0.2365501588618507
ncs2d_elp6d_ribo_YPD1	End_5p	-5	0.3247006681768972	0.2552128589991947	0.1927871273276684	0.2272993454962396
ncs2d_elp6d_ribo_YPD1	End_5p	-4	0.3225908054991403	0.2741983024800629	0.2085469313330185	0.1946639606877783
ncs2d_elp6d_ribo_YPD1	End_5p	-3	0.3145208713108778	0.2725580143870699	0.1990508889736406	0.2138702253284116
ncs2d_elp6d_ribo_YPD1	End_5p	-2	0.3110034568619857	0.2590902187750725	0.1936541995330623	0.2362521248298793
ncs2d_elp6d_ribo_YPD1	End_5p	-1	0.3243194318225657	0.2533032101106987	0.2456147076072938	0.1767626504594418
ncs2d_elp6d_ribo_YPD1	End_5p	0	0.3797222497584006	0.3088870506116043	0.2019008101821896	0.1094898894478054
ncs2d_elp6d_ribo_YPD1	End_5p	1	0.2869174450181193	0.3244958152876412	0.2228004439862858	0.1657862957079535
ncs2d_elp6d_ribo_YPD1	End_5p	2	0.3239643209261011	0.2490067686910559	0.1943083614649984	0.2327205489178444
ncs2d_elp6d_ribo_YPD1	End_5p	3	0.3115469640508816	0.2843498252524281	0.1305534055633063	0.2735498051333839
ncs2d_elp6d_ribo_YPD1	End_5p	4	0.2992210706945123	0.207059294046179	0.2445052790516312	0.2492143562076773
ncs2d_elp6d_ribo_YPD1	End_5p	5	0.2880337101421957	0.2995333553731277	0.2251572532816749	0.1872756812030016
ncs2d_elp6d_ribo_YPD1	End_5p	6	0.2812235113494361	0.2816797546257931	0.2192821505500263	0.2178145834747445
ncs2d_elp6d_ribo_YPD1	End_5p	7	0.3071797153155247	0.2796660922321444	0.1934464166859148	0.2197077757664159
ncs2d_elp6d_ribo_YPD1	End_5p	8	0.2882737713587826	0.2832318021536167	0.2285165476696824	0.1999778788179182
ncs2d_elp6d_ribo_YPD1	End_5p	9	0.2904009207881001	0.2745642542207264	0.2185729542423592	0.2164618707488142
ncs2d_elp6d_ribo_YPD1	End_5p	10	0.3165873217792072	0.2538479381153827	0.2091994329554827	0.2203653071499274
ncs2d_elp6d_ribo_YPD2	End_3p	-10	0.2908843260251672	0.2737707760660424	0.2014158965621547	0.2339290013466356
ncs2d_elp6d_ribo_YPD2	End_3p	-9	0.2982700427801544	0.2790096032672009	0.218536722057751	0.2041836318948936
ncs2d_elp6d_ribo_YPD2	End_3p	-8	0.2857765687158987	0.3077160591814183	0.2232618522898538	0.1832455198128291
ncs2d_elp6d_ribo_YPD2	End_3p	-7	0.3003703027593243	0.2774660871812102	0.196441744559001	0.2257218655004643
ncs2d_elp6d_ribo_YPD2	End_3p	-6	0.3176855835024344	0.272157480971165	0.2133070443948826	0.1968498911315178
ncs2d_elp6d_ribo_YPD2	End_3p	-5	0.2648429762852786	0.2799192106792529	0.2124738852334829	0.2427639278019854
ncs2d_elp6d_ribo_YPD2	End_3p	-4	0.260499921953336	0.2625324422785393	0.165214094786571	0.3117535409815536
ncs2d_elp6d_ribo_YPD2	End_3p	-3	0.300019919536976	0.2550853244051477	0.2046475024626588	0.2402472535952173
ncs2d_elp6d_ribo_YPD2	End_3p	-2	0.2090135959934282	0.3620184586974408	0.2494897754460786	0.1794781698630523
ncs2d_elp6d_ribo_YPD2	End_3p	-1	0.2623850024295882	0.287829317237201	0.2099774943405145	0.2398081859926962
ncs2d_elp6d_ribo_YPD2	End_3p	0	0.3718889916282827	0.2380728603088178	0.2435152922957801	0.1465228557671193
ncs2d_elp6d_ribo_YPD2	End_3p	1	0.3210981408138195	0.2815024115096341	0.2328828122726395	0.1645166354039069
ncs2d_elp6d_ribo_YPD2	End_3p	2	0.3088862079639345	0.2540776074861302	0.1977673252570469	0.2392688592928884
ncs2d_elp6d_ribo_YPD2	End_3p	3	0.3123743867604637	0.2628415974608818	0.2005438243041721	0.2242401914744822
ncs2d_elp6d_ribo_YPD2	End_3p	4	0.2927109817388444	0.2892468893774522	0.216291557643855	0.2017505712398484
ncs2d_elp6d_ribo_YPD2	End_3p	5	0.2949226345908106	0.2730843953411874	0.1902139404570095	0.2417790296109924
ncs2d_elp6d_ribo_YPD2	End_5p	-5	0.3251118290326944	0.2568830269365388	0.1920802344437941	0.2259249095869726
ncs2d_elp6d_ribo_YPD2	End_5p	-4	0.3256494617223495	0.2725969174843795	0.2044255003600204	0.1973281204332505
ncs2d_elp6d_ribo_YPD2	End_5p	-3	0.3186841609429613	0.275417435704301	0.1981843747722654	0.2077140285804722
ncs2d_elp6d_ribo_YPD2	End_5p	-2	0.3112807278332768	0.2642445100332193	0.1923917449871388	0.2320830171463649
ncs2d_elp6d_ribo_YPD2	End_5p	-1	0.3198735898924834	0.2511335599111784	0.2550306113820252	0.1739622388143129
ncs2d_elp6d_ribo_YPD2	End_5p	0	0.3937353250751159	0.3030503116814304	0.1985301729740707	0.104684190269383
ncs2d_elp6d_ribo_YPD2	End_5p	1	0.2936678412302809	0.3230267865992365	0.2099881492591385	0.1733172229113441
ncs2d_elp6d_ribo_YPD2	End_5p	2	0.3254095583628316	0.2457637377472611	0.1813477012219746	0.2474790026679326
ncs2d_elp6d_ribo_YPD2	End_5p	3	0.3122061087377412	0.2895116478262782	0.1301982874031222	0.2680839560328584
ncs2d_elp6d_ribo_YPD2	End_5p	4	0.2930434971471234	0.2099034774851909	0.2392745503217692	0.2577784750459162
ncs2d_elp6d_ribo_YPD2	End_5p	5	0.2852362193656033	0.2969544952057364	0.2167476689629107	0.2010616164657494
ncs2d_elp6d_ribo_YPD2	End_5p	6	0.2790555657414034	0.2859417623569799	0.2186768734374171	0.2163257984641995
ncs2d_elp6d_ribo_YPD2	End_5p	7	0.3031761065955894	0.2841333915598779	0.1899336726745773	0.2227568291699553
ncs2d_elp6d_ribo_YPD2	End_5p	8	0.2880530442203852	0.2822987262079757	0.2212283272506733	0.2084199023209657
ncs2d_elp6d_ribo_YPD2	End_5p	9	0.2889315689999436	0.2784447823720423	0.2173689811791625	0.2152546674488515
ncs2d_elp6d_ribo_YPD2	End_5p	10	0.3148132386523561	0.2574557190325941	0.2059317869636117	0.221799255351438
ncs2d_elp6d_ribo_YPD3	End_3p	-10	0.28798176563106	0.2784430234439102	0.2065709992457566	0.2270042116792731
ncs2d_elp6d_ribo_YPD3	End_3p	-9	0.2959038154578959	0.2763054159349986	0.2179942194166015	0.2097965491905039
ncs2d_elp6d_ribo_YPD3	End_3p	-8	0.2865252379179765	0.3063227810725847	0.2256733522121548	0.1814786287972839
ncs2d_elp6d_ribo_YPD3	End_3p	-7	0.2964287064629105	0.282822936014048	0.2005781752767995	0.2201701822462419
ncs2d_elp6d_ribo_YPD3	End_3p	-6	0.315266236208748	0.2690908736554686	0.2107999072300169	0.2048429829057663
ncs2d_elp6d_ribo_YPD3	End_3p	-5	0.2727927078115834	0.2756547007680809	0.2165540628769998	0.2349985285433358
ncs2d_elp6d_ribo_YPD3	End_3p	-4	0.2637752315838915	0.2680173534438907	0.1708662884405872	0.2973411265316305
ncs2d_elp6d_ribo_YPD3	End_3p	-3	0.2992821240428223	0.2566635548444056	0.1988236532273624	0.2452306678854096
ncs2d_elp6d_ribo_YPD3	End_3p	-2	0.2106331161554248	0.3586033440070786	0.2493755371791298	0.1813880026583667
ncs2d_elp6d_ribo_YPD3	End_3p	-1	0.2544121676797954	0.2938422169687213	0.212720323837403	0.2390252915140802
ncs2d_elp6d_ribo_YPD3	End_3p	0	0.3699237376168638	0.2370327248064206	0.2405157699226462	0.1525277676540693
ncs2d_elp6d_ribo_YPD3	End_3p	1	0.3224624583655722	0.2810863053184875	0.2317435104863213	0.1647077258296189
ncs2d_elp6d_ribo_YPD3	End_3p	2	0.3053849467059835	0.2574078975320455	0.2025483290683827	0.2346588266935881
ncs2d_elp6d_ribo_YPD3	End_3p	3	0.311761986524965	0.2605918179213677	0.1991191529087092	0.2285270426449579
ncs2d_elp6d_ribo_YPD3	End_3p	4	0.295529305375007	0.2872556651081569	0.2166510036114029	0.2005640259054331
ncs2d_elp6d_ribo_YPD3	End_3p	5	0.2924157810316568	0.2767930430308499	0.19428989060548	0.2365012853320132
ncs2d_elp6d_ribo_YPD3	End_5p	-5	0.3238255942098174	0.2558420257374456	0.1938825684458236	0.2264498116069134
ncs2d_elp6d_ribo_YPD3	End_5p	-4	0.3227501371366629	0.273899974110594	0.2082827854474639	0.1950671033052791
ncs2d_elp6d_ribo_YPD3	End_5p	-3	0.3140752564214868	0.2732607112300493	0.1998303875508797	0.2128336447975841
ncs2d_elp6d_ribo_YPD3	End_5p	-2	0.3093643669381409	0.2598498352079469	0.1961378822746609	0.2346479155792512
ncs2d_elp6d_ribo_YPD3	End_5p	-1	0.3194300868891502	0.254639129320682	0.250030300467978	0.1759004833221897
ncs2d_elp6d_ribo_YPD3	End_5p	0	0.3925936806848775	0.3028849203235111	0.1975117244001199	0.1070096745914914
ncs2d_elp6d_ribo_YPD3	End_5p	1	0.287782597913979	0.327798941649193	0.2163575434169938	0.1680609170198342
ncs2d_elp6d_ribo_YPD3	End_5p	2	0.3205768460606409	0.2511961229123426	0.1891683263214405	0.2390587047055759
ncs2d_elp6d_ribo_YPD3	End_5p	3	0.3106593440308312	0.2897748073897978	0.1295640603742038	0.2700017882051671
ncs2d_elp6d_ribo_YPD3	End_5p	4	0.2970429433163132	0.2109782308729197	0.2408407503694045	0.2511380754413625
ncs2d_elp6d_ribo_YPD3	End_5p	5	0.2856360499978578	0.3004961635845565	0.2204396957532836	0.193428090664302
ncs2d_elp6d_ribo_YPD3	End_5p	6	0.2788142441554598	0.2850259862816945	0.2163460430785524	0.2198137264842931
ncs2d_elp6d_ribo_YPD3	End_5p	7	0.303197768513313	0.2822911668161516	0.1908445298874109	0.2236665347831244
ncs2d_elp6d_ribo_YPD3	End_5p	8	0.2856112170636642	0.2845379431056036	0.2258369800126846	0.2040138598180474
ncs2d_elp6d_ribo_YPD3	End_5p	9	0.2868943429601302	0.2770978088970439	0.2185027658703793	0.2175050822724466
ncs2d_elp6d_ribo_YPD3	End_5p	10	0.3129495487169735	0.2541143240457769	0.2102570621921539	0.2226790650450955
ncs2d_ribo_YPD1	End_3p	-10	0.289169789546493	0.2922263076278223	0.2147152479710866	0.2038886548545979
ncs2d_ribo_YPD1	End_3p	-9	0.286183159821149	0.2743547311695219	0.2065006004603851	0.2329615085489438
ncs2d_ribo_YPD1	End_3p	-8	0.2971908831868809	0.2729603443283404	0.1928000243028856	0.237048748181893
ncs2d_ribo_YPD1	End_3p	-7	0.2904334869179709	0.2956105371271355	0.2173261838832885	0.196629792071605
ncs2d_ribo_YPD1	End_3p	-6	0.2857692293509321	0.3064602653966419	0.2007381474704015	0.2070323577820245
ncs2d_ribo_YPD1	End_3p	-5	0.3144572141904268	0.2491370631824102	0.1896246257768275	0.2467810968503355
ncs2d_ribo_YPD1	End_3p	-4	0.3026717633657529	0.2643005097460015	0.1882394139773551	0.2447883129108904
ncs2d_ribo_YPD1	End_3p	-3	0.29039020179297	0.2827351879268041	0.1836518492230715	0.2432227610571544
ncs2d_ribo_YPD1	End_3p	-2	0.2361498574927253	0.3424225657209555	0.1953621876249495	0.2260653891613696
ncs2d_ribo_YPD1	End_3p	-1	0.2558797530447529	0.2919779669055806	0.1858722971161219	0.2662699829335444
ncs2d_ribo_YPD1	End_3p	0	0.3241884214661207	0.2631466933764276	0.224852000870268	0.1878128842871835
ncs2d_ribo_YPD1	End_3p	1	0.3175621975638464	0.2699245030156474	0.2029316409346988	0.2095816584858073
ncs2d_ribo_YPD1	End_3p	2	0.3033899189031672	0.2734496067199586	0.2196889107724121	0.2034715636044621
ncs2d_ribo_YPD1	End_3p	3	0.2938300522389121	0.2729807576986502	0.2074537951045489	0.2257353949578887
ncs2d_ribo_YPD1	End_3p	4	0.3087715857123616	0.263315092706553	0.1959323133028271	0.2319810082782582
ncs2d_ribo_YPD1	End_3p	5	0.2988705743154672	0.2820971493803905	0.21128523106267	0.2077470452414721
ncs2d_ribo_YPD1	End_5p	-5	0.3242303139966068	0.2528334738168148	0.1934513739969422	0.2294848381896361
ncs2d_ribo_YPD1	End_5p	-4	0.3144814131089836	0.2792102829166671	0.2216546586146025	0.1846536453597467
ncs2d_ribo_YPD1	End_5p	-3	0.3041852720566018	0.2678598352150275	0.201239184608642	0.2267157081197286
ncs2d_ribo_YPD1	End_5p	-2	0.310685066182955	0.2469918255561332	0.1981845360220926	0.244138572238819
ncs2d_ribo_YPD1	End_5p	-1	0.3124645187373118	0.2551365452900509	0.2533853240760295	0.1790136118966077
ncs2d_ribo_YPD1	End_5p	0	0.3687542550074187	0.3151915432778544	0.1870277122876052	0.1290264894271215
ncs2d_ribo_YPD1	End_5p	1	0.2939362856846557	0.3319066481337942	0.1900557540432943	0.1841013121382557
ncs2d_ribo_YPD1	End_5p	2	0.3070188117319088	0.2677850638735172	0.2080095693267321	0.2171865550678417
ncs2d_ribo_YPD1	End_5p	3	0.315255952883254	0.2901302356074388	0.1250594372892363	0.2695543742200708
ncs2d_ribo_YPD1	End_5p	4	0.3182950588656375	0.2140251718182203	0.2412702592796152	0.2264095100365268
ncs2d_ribo_YPD1	End_5p	5	0.2921142885443192	0.3078595173380384	0.2262193107109705	0.1738068834066718
ncs2d_ribo_YPD1	End_5p	6	0.2824992560185661	0.2743396961710663	0.1974406423995392	0.2457204054108283
ncs2d_ribo_YPD1	End_5p	7	0.3083886244646034	0.2788234740389775	0.1842637191800916	0.2285241823163274
ncs2d_ribo_YPD1	End_5p	8	0.2803449369264438	0.2962700472152702	0.2318682131177296	0.1915168027405562
ncs2d_ribo_YPD1	End_5p	9	0.2885224102838299	0.2729432327018499	0.2072255898352422	0.2313087671790779
ncs2d_ribo_YPD1	End_5p	10	0.3273145549989976	0.2499895724053971	0.1946836741978633	0.2280121983977419
ncs2d_ribo_YPD2	End_3p	-10	0.2856213728656704	0.2883981894699707	0.2157053920129371	0.2102750456514217
ncs2d_ribo_YPD2	End_3p	-9	0.2910889323107336	0.2709092247039005	0.2053910505297904	0.2326107924555754
ncs2d_ribo_YPD2	End_3p	-8	0.2957846904288492	0.2853879767488311	0.2080199525301219	0.2108073802921977
ncs2d_ribo_YPD2	End_3p	-7	0.2891048432235986	0.2979365345172819	0.21597456994088	0.1969840523182393
ncs2d_ribo_YPD2	End_3p	-6	0.300707971511361	0.2853150312084021	0.201548380142605	0.2124286171376318
ncs2d_ribo_YPD2	End_3p	-5	0.3039881024737767	0.2538753552208451	0.2061853573820664	0.2359511849233116
ncs2d_ribo_YPD2	End_3p	-4	0.2880988067580342	0.2722423316000624	0.1913296377878825	0.2483292238540208
ncs2d_ribo_YPD2	End_3p	-3	0.2907215888348115	0.2774866618980617	0.1878334833948459	0.2439582658722808
ncs2d_ribo_YPD2	End_3p	-2	0.2339660100432881	0.3453741348636696	0.2176761554600748	0.2029836996329674
ncs2d_ribo_YPD2	End_3p	-1	0.2525550804224583	0.2926410732450712	0.1958942123833593	0.2589096339491111
ncs2d_ribo_YPD2	End_3p	0	0.3395833052631195	0.2521262909398825	0.2257615122054719	0.1825288915915261
ncs2d_ribo_YPD2	End_3p	1	0.321074830328821	0.2747824947088572	0.2139924550226336	0.1901502199396881
ncs2d_ribo_YPD2	End_3p	2	0.2998229022444375	0.27043502933689	0.2192904827143993	0.2104515857042731
ncs2d_ribo_YPD2	End_3p	3	0.3004731441220775	0.2652679877508743	0.2002185799793314	0.2340402881477168
ncs2d_ribo_YPD2	End_3p	4	0.3060162648813467	0.2707449738523798	0.2047782685068092	0.2184604927594641
ncs2d_ribo_YPD2	End_3p	5	0.2927591285446017	0.2843268609712782	0.2089583737112564	0.2139556367728636
ncs2d_ribo_YPD2	End_5p	-5	0.3227967391259279	0.2540385785988208	0.192833662765409	0.2303310195098422
ncs2d_ribo_YPD2	End_5p	-4	0.31686770217129	0.2768582407478157	0.2175395876264641	0.18873446945443
ncs2d_ribo_YPD2	End_5p	-3	0.3057446556877035	0.271219641062183	0.204326913109896	0.2187087901402174
ncs2d_ribo_YPD2	End_5p	-2	0.3092020142249106	0.2513056843371386	0.1964276512075457	0.243064650230405
ncs2d_ribo_YPD2	End_5p	-1	0.3176022359918314	0.2544584884981116	0.2465682102094524	0.1813710653006045
ncs2d_ribo_YPD2	End_5p	0	0.3594406032091837	0.3075600860610447	0.2070708641268905	0.125928446602881
ncs2d_ribo_YPD2	End_5p	1	0.2925327709393721	0.3295163340853901	0.1997612629341825	0.1781896320410553
ncs2d_ribo_YPD2	End_5p	2	0.3132306219997445	0.2628314632608701	0.2066432046267782	0.2172947101126071
ncs2d_ribo_YPD2	End_5p	3	0.3147683501168956	0.2917168909904621	0.1301633813295235	0.2633513775631187
ncs2d_ribo_YPD2	End_5p	4	0.3088583663209653	0.2069829530500553	0.247364494033992	0.2367941865949873
ncs2d_ribo_YPD2	End_5p	5	0.2910832007016301	0.3037070536373072	0.2268142802733466	0.1783954653877159
ncs2d_ribo_YPD2	End_5p	6	0.2805469026573134	0.2796184807346898	0.2095710235613532	0.2302635930466435
ncs2d_ribo_YPD2	End_5p	7	0.3061881105525475	0.2814584926443948	0.1859305454119697	0.2264228513910879
ncs2d_ribo_YPD2	End_5p	8	0.2819545658180015	0.2912840486362973	0.2318142042581539	0.1949471812875473
ncs2d_ribo_YPD2	End_5p	9	0.2880626827202856	0.2765881400109027	0.2159283123422808	0.2194208649265308
ncs2d_ribo_YPD2	End_5p	10	0.3258396667809856	0.2529407513894491	0.1985228569786981	0.222696724850867
ncs2d_ribo_YPD3	End_3p	-10	0.2889197416611337	0.2746319740383102	0.2036978685576499	0.232750415742906
ncs2d_ribo_YPD3	End_3p	-9	0.2972472000974184	0.273526296363198	0.2151612754867254	0.2140652280526581
ncs2d_ribo_YPD3	End_3p	-8	0.2855739079149151	0.3055262373217202	0.2226651233080364	0.1862347314553283
ncs2d_ribo_YPD3	End_3p	-7	0.2948484600569552	0.2841124513346569	0.1985305692201475	0.2225085193882403
ncs2d_ribo_YPD3	End_3p	-6	0.3148367903648628	0.2699173860321724	0.2102039514049036	0.2050418721980611
ncs2d_ribo_YPD3	End_3p	-5	0.2774192538039227	0.2755942781247815	0.2175001640291056	0.2294863040421901
ncs2d_ribo_YPD3	End_3p	-4	0.2690660547233497	0.2649065106099605	0.1679681442426503	0.2980592904240393
ncs2d_ribo_YPD3	End_3p	-3	0.3080791512211551	0.2481752718270538	0.1839986254855959	0.2597469514661952
ncs2d_ribo_YPD3	End_3p	-2	0.2021787205333749	0.3602460769593062	0.2412234078218977	0.1963517946854209
ncs2d_ribo_YPD3	End_3p	-1	0.2416647788694151	0.2949958837469701	0.2044179765819538	0.2589213608016608
ncs2d_ribo_YPD3	End_3p	0	0.3567503894622482	0.2456468385403686	0.236889349340414	0.1607134226569691
ncs2d_ribo_YPD3	End_3p	1	0.3158108847464452	0.2846858556869678	0.2312753688224816	0.1682278907441053
ncs2d_ribo_YPD3	End_3p	2	0.3030904163531213	0.2579042453432609	0.2035988660796179	0.2354064722239997
ncs2d_ribo_YPD3	End_3p	3	0.3102702560645093	0.2618910751336106	0.1998699827456681	0.2279686860562119
ncs2d_ribo_YPD3	End_3p	4	0.2930239343890777	0.2864051687213731	0.2186322123642755	0.2019386845252736
ncs2d_ribo_YPD3	End_3p	5	0.2923530575970317	0.2766797952952762	0.1948171662736718	0.2361499808340202
ncs2d_ribo_YPD3	End_5p	-5	0.3215562557390749	0.256753103815044	0.1942543584113673	0.2274362820345137
ncs2d_ribo_YPD3	End_5p	-4	0.3195163158732832	0.2750509017295741	0.2102552211235584	0.1951775612735842
ncs2d_ribo_YPD3	End_5p	-3	0.309970221846836	0.275005713757964	0.2030638524942185	0.2119602119009814
ncs2d_ribo_YPD3	End_5p	-2	0.307835405243839	0.2590999978306173	0.195947107029151	0.2371174898963926
ncs2d_ribo_YPD3	End_5p	-1	0.3182759870668785	0.2517880079224776	0.2508644449967419	0.179071560013902
ncs2d_ribo_YPD3	End_5p	0	0.3792502235319333	0.2972260436463596	0.2067753872460641	0.116748345575643
ncs2d_ribo_YPD3	End_5p	1	0.28735517232595	0.3256243433904175	0.2086191825099866	0.1784013017736458
ncs2d_ribo_YPD3	End_5p	2	0.3200043819730239	0.253663488776055	0.1935483638668697	0.2327837653840514
ncs2d_ribo_YPD3	End_5p	3	0.3125277530209104	0.2926009377314252	0.131212097126054	0.2636592121216103
ncs2d_ribo_YPD3	End_5p	4	0.2967381575783784	0.2066629574123171	0.2464274722703832	0.2501714127389213
ncs2d_ribo_YPD3	End_5p	5	0.2862531079107665	0.2996184856970618	0.223149095731978	0.1909793106601935
ncs2d_ribo_YPD3	End_5p	6	0.2788321987881882	0.28108610640003	0.2188187918230655	0.2212629029887162
ncs2d_ribo_YPD3	End_5p	7	0.3041411535408961	0.2779442821508142	0.189356144317419	0.2285584199908706
ncs2d_ribo_YPD3	End_5p	8	0.2850871322209951	0.2817848096582718	0.2272055713348391	0.2059224867858939
ncs2d_ribo_YPD3	End_5p	9	0.2856600832952941	0.2764268844666888	0.2207910397473218	0.2171219924906952
ncs2d_ribo_YPD3	End_5p	10	0.3132580518529274	0.2535595204349999	0.2063055043540231	0.2268769233580496
wt_ribo_YPD1	End_3p	-10	0.2838312001780294	0.2890086912197922	0.2261780085130301	0.2009821000891482
wt_ribo_YPD1	End_3p	-9	0.2852955076174068	0.2726090463167506	0.2136919638074665	0.228403482258376
wt_ribo_YPD1	End_3p	-8	0.2963892153324305	0.2757450237136484	0.2056659497227374	0.2221998112311835
wt_ribo_YPD1	End_3p	-7	0.2882917651006371	0.2948723325985793	0.2244755093432015	0.192360392957582
wt_ribo_YPD1	End_3p	-6	0.28959364480099	0.2927804877266875	0.2049551146437957	0.2126707528285268
wt_ribo_YPD1	End_3p	-5	0.3063191069252723	0.2464973446537631	0.2016663803699665	0.245517168050998
wt_ribo_YPD1	End_3p	-4	0.2892314950591779	0.2667287347226426	0.2006911727736914	0.243348597444488
wt_ribo_YPD1	End_3p	-3	0.2866100502697823	0.2802683690945962	0.1947146334302467	0.2384069472053746
wt_ribo_YPD1	End_3p	-2	0.2335856751557423	0.3386421201308077	0.2164506707223733	0.2113215339910766
wt_ribo_YPD1	End_3p	-1	0.2604081584674942	0.2886668449453582	0.2067095479459703	0.244215448641177
wt_ribo_YPD1	End_3p	0	0.3351398254382677	0.2526154205369038	0.2319104788065194	0.180334275218309
wt_ribo_YPD1	End_3p	1	0.3224224280649486	0.2676902641935262	0.2082426200235466	0.2016446877179784
wt_ribo_YPD1	End_3p	2	0.3000672418781455	0.2712203960084451	0.2233562539888966	0.2053561081245126
wt_ribo_YPD1	End_3p	3	0.2946306144764257	0.2692102458776614	0.2050786452137381	0.2310804944321748
wt_ribo_YPD1	End_3p	4	0.3074077467879781	0.2652270261591476	0.1999651635243934	0.2274000635284808
wt_ribo_YPD1	End_3p	5	0.2944460132138171	0.2837780371516052	0.2137052144914395	0.2080707351431381
wt_ribo_YPD1	End_5p	-5	0.3218261608952858	0.257350366751511	0.1945640492034408	0.2262594231497623
wt_ribo_YPD1	End_5p	-4	0.3062008536302799	0.2839041551206274	0.2220434266449953	0.1878515646040973
wt_ribo_YPD1	End_5p	-3	0.3029907625986133	0.2679044654850021	0.1974598214934597	0.2316449504229249
wt_ribo_YPD1	End_5p	-2	0.3021233134090235	0.2540871589518747	0.1998472438703036	0.2439422837687982
wt_ribo_YPD1	End_5p	-1	0.3011363782101979	0.2596221506113665	0.2599917236166769	0.1792497475617586
wt_ribo_YPD1	End_5p	0	0.3614090542607556	0.3414350120084508	0.1849091949079722	0.1122467388228212
wt_ribo_YPD1	End_5p	1	0.2784108980645404	0.3425235316900836	0.2249335345714278	0.1541320356739481
wt_ribo_YPD1	End_5p	2	0.293133861522769	0.2590672032920854	0.2195725884987341	0.2282263466864114
wt_ribo_YPD1	End_5p	3	0.3001373127233148	0.2755885487515743	0.1305641684757005	0.2937099700494103
wt_ribo_YPD1	End_5p	4	0.2994364278855978	0.2145151668144388	0.2470530881255274	0.2389953171744359
wt_ribo_YPD1	End_5p	5	0.2715564837511852	0.3152769809668833	0.2341622791005076	0.1790042561814238
wt_ribo_YPD1	End_5p	6	0.2705624413791806	0.2767670035644878	0.2041421139661403	0.2485284410901912
wt_ribo_YPD1	End_5p	7	0.2992767035199424	0.280489185126792	0.1950132973607058	0.2252208139925598
wt_ribo_YPD1	End_5p	8	0.2663855076082022	0.2982811649009527	0.2420924415587302	0.1932408859321148
wt_ribo_YPD1	End_5p	9	0.2786419079115556	0.2732881758868256	0.2111010518188806	0.2369688643827382
wt_ribo_YPD1	End_5p	10	0.3148535430701107	0.2548153502970691	0.2081032675469158	0.2222278390859042
WT_ribo_YPD2	End_3p	-10	0.2875310683431913	0.288019637254426	0.2192094804106907	0.205239813991692
WT_ribo_YPD2	End_3p	-9	0.2872950030556891	0.2727066533537103	0.2143716241619648	0.2256267194286357
WT_ribo_YPD2	End_3p	-8	0.2952485528088513	0.2770459698970947	0.2023176527025994	0.2253878245914545
WT_ribo_YPD2	End_3p	-7	0.2917666796451673	0.2930289731963945	0.2199434117012299	0.1952609354572083
WT_ribo_YPD2	End_3p	-6	0.2896304145510355	0.2995088216151725	0.2069460773615949	0.2039146864721969
WT_ribo_YPD2	End_3p	-5	0.3100373514031669	0.2485283310009011	0.1986727435812227	0.2427615740147092
WT_ribo_YPD2	End_3p	-4	0.2965654611602312	0.2629887221785089	0.1947546706321083	0.2456911460291514
WT_ribo_YPD2	End_3p	-3	0.2862932975558485	0.282812008267495	0.1986093706511112	0.2322853235255452
WT_ribo_YPD2	End_3p	-2	0.2350395532868655	0.3418924666024434	0.2119326421656708	0.2111353379450202
WT_ribo_YPD2	End_3p	-1	0.2634040371924993	0.2877839761883064	0.1979183317406262	0.2508936548785681
WT_ribo_YPD2	End_3p	0	0.3320877176569334	0.2550884398208904	0.2332341209377379	0.1795897215844382
WT_ribo_YPD2	End_3p	1	0.3175370952840075	0.270023252161338	0.2077363750782786	0.2047032774763758
WT_ribo_YPD2	End_3p	2	0.3027431765521775	0.2695415550136094	0.2182057987174235	0.2095094697167894
WT_ribo_YPD2	End_3p	3	0.2950551553339683	0.271817141744315	0.208504710099835	0.2246229928218816
WT_ribo_YPD2	End_3p	4	0.3052169665008715	0.266968326604769	0.1991001403232073	0.2287145665711521
WT_ribo_YPD2	End_3p	5	0.2975819881107712	0.2801830871348146	0.2094793327670341	0.21275559198738
WT_ribo_YPD2	End_5p	-5	0.3232150719050859	0.255963446127325	0.1939743141286218	0.2268471678389672
WT_ribo_YPD2	End_5p	-4	0.3077084341894497	0.2832016388474109	0.2227727342170444	0.1863171927460949
WT_ribo_YPD2	End_5p	-3	0.303604757253768	0.267528166005353	0.1979055857828801	0.2309614909579988
WT_ribo_YPD2	End_5p	-2	0.3062617211895749	0.2523835883648266	0.1985335309181111	0.2428211595274873
WT_ribo_YPD2	End_5p	-1	0.3051658830342018	0.2592236937862989	0.2574634798851595	0.1781469432943397
WT_ribo_YPD2	End_5p	0	0.3621009528603622	0.3273221178861316	0.188441667831982	0.1221352614215242
WT_ribo_YPD2	End_5p	1	0.2863612643515156	0.338690759323979	0.206913514673922	0.1680344616505833
WT_ribo_YPD2	End_5p	2	0.2959153379563523	0.2664178184946126	0.2175612702450989	0.2201055733039361
WT_ribo_YPD2	End_5p	3	0.3050158931345998	0.2843892497984974	0.1272042821554828	0.2833905749114199
WT_ribo_YPD2	End_5p	4	0.3085575683829736	0.2187459164362651	0.2435933896455041	0.229103125535257
WT_ribo_YPD2	End_5p	5	0.2780361735748343	0.3157001242369168	0.2318915271608619	0.1743721750273869
WT_ribo_YPD2	End_5p	6	0.276993027288953	0.2764093289495015	0.2004731577150307	0.2461244860465146
WT_ribo_YPD2	End_5p	7	0.3039678505027895	0.2824834032964267	0.1907734065886578	0.2227753396121258
WT_ribo_YPD2	End_5p	8	0.2712291746391382	0.299947815733343	0.2388556134517266	0.1899673961757921
WT_ribo_YPD2	End_5p	9	0.2835624860661899	0.273232633615553	0.2084696093466123	0.2347352709716448
WT_ribo_YPD2	End_5p	10	0.3208745736304639	0.2544909936208698	0.2034484739774262	0.2211859587712399
WT_ribo_YPD3	End_3p	-10	0.2878613950490669	0.2834895931586556	0.2132553987892191	0.2153936130030582
WT_ribo_YPD3	End_3p	-9	0.2957540322597586	0.2718847014663564	0.2076536573622221	0.2247076089116627
WT_ribo_YPD3	End_3p	-8	0.2932485251775438	0.297835190454923	0.2174580493311883	0.1914582350363448
WT_ribo_YPD3	End_3p	-7	0.2911054372537148	0.2964187054670001	0.2071159527031654	0.2053599045761195
WT_ribo_YPD3	End_3p	-6	0.3075302600670471	0.27264861349253	0.1998214373495084	0.2199996890909144
WT_ribo_YPD3	End_3p	-5	0.2883416235420359	0.2642877640048787	0.2136225235986298	0.2337480888544554
WT_ribo_YPD3	End_3p	-4	0.2718745338989637	0.2747228812701224	0.1810860558535567	0.272316528977357
WT_ribo_YPD3	End_3p	-3	0.30264646653925	0.2637376229823996	0.1791165728407469	0.2544993376376035
WT_ribo_YPD3	End_3p	-2	0.2191790571639965	0.352580818505981	0.2325978932968421	0.1956422310331803
WT_ribo_YPD3	End_3p	-1	0.2519895450517768	0.2967932248708781	0.2096190229303853	0.2415982071469596
WT_ribo_YPD3	End_3p	0	0.3525710710860012	0.2423225412868359	0.2362028421291894	0.1689035454979734
WT_ribo_YPD3	End_3p	1	0.3245005182518338	0.2784250522138197	0.2241443592899004	0.1729300702444459
WT_ribo_YPD3	End_3p	2	0.2995309054134734	0.2643494416450956	0.2151699265204189	0.220949726421012
WT_ribo_YPD3	End_3p	3	0.3062548605803832	0.259605809294249	0.1955835784543365	0.2385557516710313
WT_ribo_YPD3	End_3p	4	0.3008785702551597	0.2787603298493309	0.2128865933901568	0.2074745065053524
WT_ribo_YPD3	End_3p	5	0.2894794667657094	0.2851009425166914	0.2035452038702299	0.2218743868473692
WT_ribo_YPD3	End_5p	-5	0.3239771815991993	0.2581809208267455	0.1949260989052321	0.2229157986688229
WT_ribo_YPD3	End_5p	-4	0.3132757715406421	0.2819331241089057	0.2158568906932504	0.1889342136572017
WT_ribo_YPD3	End_5p	-3	0.3100345271576405	0.269806215392679	0.1969057433559449	0.2232535140937354
WT_ribo_YPD3	End_5p	-2	0.3086775297621174	0.2596075121425841	0.1975673899027122	0.2341475681925862
WT_ribo_YPD3	End_5p	-1	0.3104782304249658	0.2559507214527714	0.261511595078365	0.1720594530438977
WT_ribo_YPD3	End_5p	0	0.3900713177987039	0.3038925274872871	0.1935440544224456	0.1124921002915632
WT_ribo_YPD3	End_5p	1	0.2870020494064723	0.3359606999433751	0.2158119236070562	0.1612253270430963
WT_ribo_YPD3	End_5p	2	0.3076195004518141	0.2588296235767391	0.2028582088592556	0.230692667112191
WT_ribo_YPD3	End_5p	3	0.306331592672836	0.2837158379372765	0.1235820764052151	0.2863704929846722
WT_ribo_YPD3	End_5p	4	0.3021025012542455	0.2155337160270511	0.2387261421240653	0.243637640594638
WT_ribo_YPD3	End_5p	5	0.277608467125824	0.3125583994272454	0.2260892982453338	0.1837438352015967
WT_ribo_YPD3	End_5p	6	0.2781858949429342	0.2795288558835145	0.206276211713783	0.2360090374597681
WT_ribo_YPD3	End_5p	7	0.3042791603779286	0.2820379352425209	0.1916094611085555	0.2220734432709949
WT_ribo_YPD3	End_5p	8	0.2771473653784199	0.2954189633851088	0.2331392128036675	0.1942944584328037
WT_ribo_YPD3	End_5p	9	0.2855775593563436	0.2750481168834934	0.2110881101897014	0.2282862135704614
WT_ribo_YPD3	End_5p	10	0.3168775931194811	0.2565031021826183	0.2063041165224119	0.2203151881754886
