Sample	Digest	Site	A	T	C	G
SRR1944912	End_3p	-10	0.2837826437795388	0.2890290213380272	0.2262352771738845	0.2009530577085493
SRR1944912	End_3p	-9	0.2853282337933305	0.2725320892628352	0.213724343211117	0.2284153337327172
SRR1944912	End_3p	-8	0.2964110834270046	0.2758702023011655	0.2056777699024852	0.2220409443693446
SRR1944912	End_3p	-7	0.2880715478107536	0.2948284989028348	0.2245139632357964	0.1925859900506151
SRR1944912	End_3p	-6	0.2896945483029089	0.2927949234978117	0.2048920107788745	0.2126185174204048
SRR1944912	End_3p	-5	0.3063270556357875	0.2465666474815559	0.2017464616515012	0.2453598352311553
SRR1944912	End_3p	-4	0.2892335603506096	0.2667062023221219	0.2007814502254366	0.2432787871018318
SRR1944912	End_3p	-3	0.286674577361776	0.2801046837723152	0.1947531092228704	0.2384676296430382
SRR1944912	End_3p	-2	0.2336146127888311	0.3386109138723961	0.2164864217851048	0.2112880515536678
SRR1944912	End_3p	-1	0.2606601659684933	0.2886318114939377	0.2067582020625188	0.2439498204750501
SRR1944912	End_3p	0	0.3355197873050878	0.2524257867133895	0.2318906792972625	0.18016374668426
SRR1944912	End_3p	1	0.3223630532189554	0.2673834370872532	0.2082618792206219	0.2019916304731694
SRR1944912	End_3p	2	0.3004372836663142	0.271053912655961	0.2233851495267856	0.2051236541509391
SRR1944912	End_3p	3	0.294456255007223	0.2694028989796465	0.2051456797842856	0.2309951662288448
SRR1944912	End_3p	4	0.3073613515783986	0.265113674186781	0.200212472517409	0.2273125017174113
SRR1944912	End_3p	5	0.2942899400913465	0.2835828627314415	0.2136927481885253	0.2084344489886866
SRR1944912	End_5p	-5	0.3218854102700718	0.2573505779959723	0.1945560026915489	0.2262080090424068
SRR1944912	End_5p	-4	0.3062245411628144	0.2838940949800259	0.2220557306761461	0.1878256331810136
SRR1944912	End_5p	-3	0.3030181545886926	0.2678555321516859	0.1974508347196985	0.2316754785399229
SRR1944912	End_5p	-2	0.302151127213116	0.2540551681990869	0.1998768645753605	0.2439168400124365
SRR1944912	End_5p	-1	0.3011734757847477	0.2595620966385847	0.2600162487431819	0.1792481788334856
SRR1944912	End_5p	0	0.3614876448866317	0.341374438358369	0.1849104300730605	0.1122274866819387
SRR1944912	End_5p	1	0.2784223480904251	0.3425139890771446	0.2249418475179229	0.1541218153145072
SRR1944912	End_5p	2	0.2931381808839605	0.2590480075774001	0.2195971391732389	0.2282166723654005
SRR1944912	End_5p	3	0.3001644389919577	0.2754971465784739	0.1305940736197992	0.2937443408097691
SRR1944912	End_5p	4	0.299477008616539	0.2144856021645742	0.2470978830384561	0.2389395061804305
SRR1944912	End_5p	5	0.2716161083377867	0.3151881905481932	0.2342241091462138	0.1789715919678062
SRR1944912	End_5p	6	0.2706307576036659	0.2766987729498794	0.2041443117235029	0.2485261577229517
SRR1944912	End_5p	7	0.2992891776366179	0.2804835164012589	0.1950219176243792	0.2252053883377439
SRR1944912	End_5p	8	0.2664017535168851	0.2982262457035601	0.2421302268060419	0.1932417739735127
SRR1944912	End_5p	9	0.2786735379406014	0.2732189540867407	0.2111395052714847	0.2369680027011731
SRR1944912	End_5p	10	0.3148661029242123	0.2547645202089399	0.2081626007827093	0.2222067760841384
SRR1944913	End_3p	-10	0.287472761093438	0.2880593881974527	0.2192654740200004	0.2052023766891088
SRR1944913	End_3p	-9	0.2873172289648188	0.272634205105669	0.2144259127581149	0.2256226531713971
SRR1944913	End_3p	-8	0.2952677923070421	0.2771818908473634	0.2023299980132691	0.2252203188323253
SRR1944913	End_3p	-7	0.2915304374937676	0.2929838382749873	0.2199839506661615	0.1955017735650835
SRR1944913	End_3p	-6	0.2897209890225594	0.2995487231468342	0.2068773242470094	0.2038529635835968
SRR1944913	End_3p	-5	0.3100271217294382	0.2486098164455745	0.1987533881939475	0.2426096736310397
SRR1944913	End_3p	-4	0.2965512806414808	0.2629908086848314	0.1948486374895703	0.2456092731841174
SRR1944913	End_3p	-3	0.286370554644827	0.2826513549832318	0.1986437832064577	0.2323343071654833
SRR1944913	End_3p	-2	0.2350563665780374	0.3418687861577933	0.2119754616048426	0.2110993856593265
SRR1944913	End_3p	-1	0.2636683463627254	0.2877529526051227	0.1979612573557012	0.2506174436764505
SRR1944913	End_3p	0	0.332481449277225	0.2548861961842994	0.2332251229371152	0.1794072316013603
SRR1944913	End_3p	1	0.3174651166061802	0.2697120795166883	0.2077437384162605	0.2050790654608709
SRR1944913	End_3p	2	0.3031253329661559	0.2693873090187019	0.2182249681240025	0.2092623898911396
SRR1944913	End_3p	3	0.2948636604282	0.2720234010917448	0.208584402828303	0.2245285356517521
SRR1944913	End_3p	4	0.3051459024833776	0.2668665291219193	0.1993667986405386	0.2286207697541644
SRR1944913	End_3p	5	0.2974048424013747	0.2799965684965786	0.2094656916391527	0.2131328974628939
SRR1944913	End_5p	-5	0.3232750110105226	0.2559652672002925	0.1939766205221758	0.226783101267009
SRR1944913	End_5p	-4	0.3077455335302155	0.2831915400353568	0.2227799858250898	0.1862829406093377
SRR1944913	End_5p	-3	0.3036375153033792	0.2674595381553766	0.1979065646985229	0.2309963818427212
SRR1944913	End_5p	-2	0.3063139296291084	0.2523526382173969	0.1985509033123076	0.2427825288411869
SRR1944913	End_5p	-1	0.3051975734286909	0.2591619705740946	0.2574900431121681	0.1781504128850463
SRR1944913	End_5p	0	0.3621785728555909	0.32727475554033	0.188436818612253	0.122109852991826
SRR1944913	End_5p	1	0.2863648717518509	0.3386861020574654	0.206929957075704	0.1680190691149796
SRR1944913	End_5p	2	0.2959174973305747	0.2664031392450532	0.2175981298359386	0.2200812335884334
SRR1944913	End_5p	3	0.3050487139498366	0.2842916259666483	0.1272275717598646	0.2834320883236503
SRR1944913	End_5p	4	0.3085970259296403	0.218717047929561	0.2436332122217048	0.2290527139190938
SRR1944913	End_5p	5	0.278102586384005	0.3156204336781806	0.2319464397122931	0.1743305402255212
SRR1944913	End_5p	6	0.2770696939674741	0.2763328125798485	0.2004746603817283	0.246122833070949
SRR1944913	End_5p	7	0.303992090312039	0.2824794685608736	0.190776546236262	0.2227518948908253
SRR1944913	End_5p	8	0.2712358586304181	0.2999080280339434	0.2388896646980689	0.1899664486375694
SRR1944913	End_5p	9	0.2835920942852208	0.2731583572259838	0.208501386411206	0.2347481620775893
SRR1944913	End_5p	10	0.3209027428482616	0.2544386934686241	0.2034978292000182	0.221160734483096
SRR1944914	End_3p	-10	0.2878443166288155	0.2835701644654333	0.213302736286468	0.2152827826192831
SRR1944914	End_3p	-9	0.2957431442325181	0.2718135763001874	0.207745691015401	0.2246975884518935
SRR1944914	End_3p	-8	0.2933546944243129	0.2978821963244359	0.2174930551649081	0.1912700540863429
SRR1944914	End_3p	-7	0.2908657623939355	0.2964029634771927	0.2071299325945073	0.2056013415343643
SRR1944914	End_3p	-6	0.3076311580992328	0.272620545242604	0.199746801617234	0.220001495040929
SRR1944914	End_3p	-5	0.288375484994893	0.2642917882648705	0.2137669725614583	0.2335657541787781
SRR1944914	End_3p	-4	0.2719180105428134	0.2747144433987006	0.1811595244828087	0.2722080215756773
SRR1944914	End_3p	-3	0.3026575824010979	0.263589589907246	0.1791936045209768	0.2545592231706791
SRR1944914	End_3p	-2	0.2191967964081347	0.3525557926487542	0.2325930526339333	0.1956543583091776
SRR1944914	End_3p	-1	0.2522065097176399	0.2967508253626546	0.2096551054933	0.2413875594264054
SRR1944914	End_3p	0	0.3529379614351753	0.2421707321605586	0.2362130192839258	0.1686782871203401
SRR1944914	End_3p	1	0.324432121988613	0.2780702973626318	0.2241945046566993	0.1733030759920559
SRR1944914	End_3p	2	0.2999110963569014	0.2642240153183676	0.2151687626249185	0.2206961256998124
SRR1944914	End_3p	3	0.306056740418936	0.2597825329272674	0.1956750433524031	0.2384856833013934
SRR1944914	End_3p	4	0.3008637855428533	0.2785963365106736	0.2131167390685222	0.2074231388779507
SRR1944914	End_3p	5	0.2893198497122298	0.2849016590161436	0.2035029027590232	0.2222755885126033
SRR1944914	End_5p	-5	0.324060720593409	0.258148394829698	0.194920751815462	0.2228701327614308
SRR1944914	End_5p	-4	0.3133394837688135	0.2819105285738304	0.2158370545598689	0.1889129330974872
SRR1944914	End_5p	-3	0.3100671481881797	0.2697616662796361	0.1969032285412727	0.2232679569909113
SRR1944914	End_5p	-2	0.3087194239908868	0.2595848514925515	0.1975781840257507	0.2341175404908108
SRR1944914	End_5p	-1	0.3105325100194093	0.2558710403557777	0.2615365452018739	0.1720599044229391
SRR1944914	End_5p	0	0.3901558941107968	0.3038262700748793	0.1935467863582118	0.112471049456112
SRR1944914	End_5p	1	0.2870539837386612	0.3359142004998792	0.2158216630516247	0.1612101527098348
SRR1944914	End_5p	2	0.30765051318064	0.2587960156683871	0.2028895159690262	0.2306639551819465
SRR1944914	End_5p	3	0.3063902598498714	0.2836154535116315	0.1236148378513017	0.2863794487871954
SRR1944914	End_5p	4	0.3021526327931811	0.2154872552003743	0.2387685514984306	0.2435915605080139
SRR1944914	End_5p	5	0.2776855175075042	0.3124578783621719	0.2261373378393165	0.1837192662910073
SRR1944914	End_5p	6	0.2782622364803472	0.2794419997925931	0.2062947399814948	0.2360010237455647
SRR1944914	End_5p	7	0.30432771363855	0.2820006908516323	0.1916121662891822	0.2220594292206354
SRR1944914	End_5p	8	0.277165486384697	0.295367416748972	0.2331789108077236	0.1942881860586073
SRR1944914	End_5p	9	0.2856193774210611	0.2749692106755165	0.2111236364532481	0.2282877754501742
SRR1944914	End_5p	10	0.3169087997626175	0.2564367413637027	0.2063552967352424	0.2202991621384372
SRR1944915	End_3p	-10	0.2891044017329667	0.2922678923507767	0.2147742498494109	0.2038534560668456
SRR1944915	End_3p	-9	0.2862000674983382	0.2743023656823905	0.2065549264434092	0.2329426403758619
SRR1944915	End_3p	-8	0.2971816326184709	0.2731117041292982	0.1928129199161109	0.2368937433361198
SRR1944915	End_3p	-7	0.2902086485517145	0.2955728168401943	0.2173722684403466	0.1968462661677445
SRR1944915	End_3p	-6	0.2858285456145532	0.306521273876132	0.2006853988167329	0.2069647816925818
SRR1944915	End_3p	-5	0.3144345450979968	0.2492343206655831	0.1897169627644706	0.2466141714719494
SRR1944915	End_3p	-4	0.30262931758618	0.2643119354116603	0.1883331853568827	0.2447255616452768
SRR1944915	End_3p	-3	0.2904574861022889	0.2825962920526459	0.1836620913401985	0.2432841305048666
SRR1944915	End_3p	-2	0.2361550905611486	0.3424208437959709	0.1953998732056977	0.2260241924371827
SRR1944915	End_3p	-1	0.2561309892809723	0.2919636404736054	0.1859282387105165	0.2659771315349057
SRR1944915	End_3p	0	0.3245664970601865	0.262940979702461	0.2248352872811298	0.1876572359562225
SRR1944915	End_3p	1	0.3174754392024482	0.2696440494541688	0.2029328844685059	0.209947626874877
SRR1944915	End_3p	2	0.3037467812926502	0.2733226035038189	0.2196983967695643	0.2032322184339665
SRR1944915	End_3p	3	0.2936220744682486	0.2732151559149261	0.2075213839144065	0.2256413857024187
SRR1944915	End_3p	4	0.3086819056943006	0.2632357470356189	0.1962020197336476	0.2318803275364327
SRR1944915	End_3p	5	0.2987046044914409	0.2819278073394036	0.2112659784927426	0.2081016096764128
SRR1944915	End_5p	-5	0.3242789581601406	0.2528488810484623	0.1934431578591419	0.2294290029322551
SRR1944915	End_5p	-4	0.3145120937408188	0.2792222255890969	0.2216545085892634	0.1846111720808208
SRR1944915	End_5p	-3	0.3042107745553859	0.2678130875104904	0.2012356137468616	0.226740524187262
SRR1944915	End_5p	-2	0.3107251940747104	0.2469724257351607	0.1981956771963477	0.2441067029937811
SRR1944915	End_5p	-1	0.3124858206998678	0.255083183031654	0.253409948763486	0.1790210475049921
SRR1944915	End_5p	0	0.3688178800370825	0.3151566453104339	0.1870307107282242	0.1289947639242593
SRR1944915	End_5p	1	0.2939357609085643	0.3319106823762113	0.1900727991508449	0.1840807575643794
SRR1944915	End_5p	2	0.3070126437856788	0.267798507479073	0.2080438735981541	0.217144975137094
SRR1944915	End_5p	3	0.3152731538145007	0.2900646747357479	0.1250865250207831	0.2695756464289682
SRR1944915	End_5p	4	0.3183231470734319	0.2139916481012802	0.2413231027185171	0.2263621021067706
SRR1944915	End_5p	5	0.2921765835033971	0.3077910505834867	0.2262705816685967	0.1737617842445194
SRR1944915	End_5p	6	0.2825648295387923	0.2743000596815141	0.1974406774971707	0.2456944332825228
SRR1944915	End_5p	7	0.3084016552727234	0.2788393241013628	0.1842753043691347	0.2284837162567789
SRR1944915	End_5p	8	0.2803338212373967	0.2962660627371725	0.2318949166193474	0.1915051994060833
SRR1944915	End_5p	9	0.2885443112186754	0.2729094672272074	0.2072435528374629	0.2313026687166542
SRR1944915	End_5p	10	0.3273347922147902	0.2499484209430733	0.1947238730887313	0.2279929137534051
SRR1944916	End_3p	-10	0.2855620700473272	0.2884822881660953	0.2157564037688844	0.2101992380176929
SRR1944916	End_3p	-9	0.291075454491429	0.2708782046485383	0.205479346575591	0.2325669942844416
SRR1944916	End_3p	-8	0.295801367714213	0.2855137970841551	0.2080470930890293	0.2106377421126025
SRR1944916	End_3p	-7	0.2888857474717899	0.2979211825908543	0.216016574309662	0.1971764956276936
SRR1944916	End_3p	-6	0.3007563060383455	0.2853500243931476	0.2015132142547592	0.2123804553137476
SRR1944916	End_3p	-5	0.3039742074300086	0.2539570502909507	0.2062995427197954	0.2357691995592451
SRR1944916	End_3p	-4	0.2880619974898059	0.2722547244818159	0.1914175508647968	0.2482657271635813
SRR1944916	End_3p	-3	0.2907435161710477	0.2773627739836172	0.1878776322832203	0.2440160775621146
SRR1944916	End_3p	-2	0.2339628134312165	0.3453712348816286	0.2177015870057475	0.2029643646814073
SRR1944916	End_3p	-1	0.2527580249112182	0.2926253226341756	0.1959398587981276	0.2586767936564785
SRR1944916	End_3p	0	0.3399149092774317	0.2519549562907568	0.2257658865926928	0.1823642478391185
SRR1944916	End_3p	1	0.3209686103329413	0.2745227146503211	0.2140108771128306	0.190497797903907
SRR1944916	End_3p	2	0.3001393696715879	0.2703459187233351	0.219296470427035	0.2102182411780419
SRR1944916	End_3p	3	0.3002535367102558	0.2655055423087349	0.2002971107101417	0.2339438102708675
SRR1944916	End_3p	4	0.3059294598739138	0.2706740070527885	0.2050311681445037	0.2183653649287939
SRR1944916	End_3p	5	0.2925967932142231	0.2841727169109568	0.2089332820264456	0.2142972078483743
SRR1944916	End_5p	-5	0.3228650863937176	0.2540450682866291	0.1928205492746798	0.2302692960449735
SRR1944916	End_5p	-4	0.3169102830293929	0.2768669109247746	0.2175417603367879	0.1886810457090445
SRR1944916	End_5p	-3	0.3057625266200858	0.2711852442038064	0.204334446020834	0.2187177831552737
SRR1944916	End_5p	-2	0.3092326899096916	0.2513021010738866	0.1964387582525968	0.2430264507638249
SRR1944916	End_5p	-1	0.3176309629239097	0.2544174779807338	0.2465933201232545	0.1813582389721018
SRR1944916	End_5p	0	0.3594912638728041	0.3075410988455497	0.2070705514961056	0.1258970857855406
SRR1944916	End_5p	1	0.2925334916963104	0.3295110493719289	0.1997813129712508	0.1781741459605099
SRR1944916	End_5p	2	0.3132221731863046	0.2628408284239823	0.2066889105436767	0.2172480878460364
SRR1944916	End_5p	3	0.3147935604321611	0.2916647167484645	0.1301907563016913	0.263350966517683
SRR1944916	End_5p	4	0.3088854563746528	0.2069609611566421	0.2474130756084485	0.2367405068602565
SRR1944916	End_5p	5	0.2911447550162263	0.3036510860797561	0.2268580252215749	0.1783461336824427
SRR1944916	End_5p	6	0.2806065084814037	0.2795919586360643	0.2095705934563707	0.2302309394261613
SRR1944916	End_5p	7	0.3062095268560506	0.2814708899426674	0.1859426694429552	0.2263769137583266
SRR1944916	End_5p	8	0.2819359577751384	0.291302624343075	0.2318423123364166	0.1949191055453699
SRR1944916	End_5p	9	0.2880678334582268	0.276575904144983	0.2159527497795852	0.2194035126172049
SRR1944916	End_5p	10	0.3258523610794352	0.2529023174901245	0.1985677727392549	0.2226775486911852
SRR1944917	End_3p	-10	0.2888517648210701	0.2747363999205204	0.2037404898073196	0.2326713454510898
SRR1944917	End_3p	-9	0.2971998205950025	0.2734937215450139	0.2153006653535257	0.2140057925064577
SRR1944917	End_3p	-8	0.2856079684039866	0.3056609043970062	0.2226735844139388	0.1860575427850682
SRR1944917	End_3p	-7	0.2946381519269479	0.2841438234862163	0.1985391307352725	0.2226788938515632
SRR1944917	End_3p	-6	0.3148429018398371	0.2699227197855203	0.2102109844525267	0.2050233939221157
SRR1944917	End_3p	-5	0.2774235153012593	0.2756753604658195	0.2176406874983801	0.229260436734541
SRR1944917	End_3p	-4	0.2690058968954008	0.2649515563311534	0.1680284024316144	0.2980141443418313
SRR1944917	End_3p	-3	0.3080633799267981	0.2480393776691173	0.184119058109365	0.2597781842947195
SRR1944917	End_3p	-2	0.2021699761561255	0.3602575815169657	0.2412206199119389	0.1963518224149698
SRR1944917	End_3p	-1	0.2418859194434125	0.2949612177078204	0.2044511445347708	0.2587017183139962
SRR1944917	End_3p	0	0.3570478914873337	0.2455136151978782	0.236916645788878	0.16052184752591
SRR1944917	End_3p	1	0.3156684743951921	0.2844529407445163	0.2312845023455115	0.16859408251478
SRR1944917	End_3p	2	0.3034280608997895	0.2578394296476117	0.2035672581560161	0.2351652512965826
SRR1944917	End_3p	3	0.3100493795697159	0.2621532127317074	0.1999217442888449	0.2278756634097316
SRR1944917	End_3p	4	0.2929585698282838	0.2862990951998364	0.218868067494291	0.2018742674775887
SRR1944917	End_3p	5	0.292187621487132	0.2765124518011052	0.1947732996121051	0.2365266270996576
SRR1944917	End_5p	-5	0.3216135548529663	0.256750371355478	0.1942557265786838	0.2273803472128718
SRR1944917	End_5p	-4	0.3195634494045712	0.2750561443400961	0.2102486731646975	0.1951317330906352
SRR1944917	End_5p	-3	0.3099870502602548	0.2749938617441575	0.203061783615141	0.2119573043804465
SRR1944917	End_5p	-2	0.3078408208054112	0.2591208001549505	0.1959531973292647	0.2370851817103736
SRR1944917	End_5p	-1	0.3183138373207395	0.2517610133990384	0.2508737564181675	0.1790513928620545
SRR1944917	End_5p	0	0.3792984891610282	0.2972030974251007	0.2067737183285799	0.1167246950852911
SRR1944917	End_5p	1	0.2873671274618726	0.3256136815782481	0.2086373360041646	0.1783818549557145
SRR1944917	End_5p	2	0.3200072579025094	0.2536701729728095	0.1935747581959216	0.2327478109287595
SRR1944917	End_5p	3	0.3125495470651216	0.2925617839751561	0.1312450002916121	0.26364366866811
SRR1944917	End_5p	4	0.2967628890772167	0.2066416828253401	0.2464699628680523	0.2501254652293908
SRR1944917	End_5p	5	0.2863070632783974	0.2995660559132104	0.2231899525572226	0.1909369282511695
SRR1944917	End_5p	6	0.2788952543542015	0.2810516542329484	0.2188250406276933	0.2212280507851567
SRR1944917	End_5p	7	0.3041658776337798	0.277945984788646	0.1893682528687795	0.2285198847087946
SRR1944917	End_5p	8	0.2850748219185776	0.281815066051953	0.2272187904791871	0.2058913215502822
SRR1944917	End_5p	9	0.2856544460773125	0.2764282515295237	0.2208217738515341	0.2170955285416296
SRR1944917	End_5p	10	0.3132554464870096	0.2535323772294829	0.2063349500407177	0.2268772262427898
