	A	C	G	T
0	0.2891044017329667	0.2147742498494109	0.20385345606684566	0.2922678923507767
1	0.2862000674983382	0.20655492644340928	0.23294264037586193	0.2743023656823905
2	0.29718163261847097	0.19281291991611096	0.23689374333611984	0.27311170412929825
3	0.2902086485517145	0.21737226844034666	0.19684626616774453	0.2955728168401943
4	0.28582854561455323	0.2006853988167329	0.20696478169258187	0.30652127387613204
5	0.31443454509799684	0.1897169627644706	0.24661417147194942	0.24923432066558315
6	0.30262931758618006	0.18833318535688276	0.2447255616452768	0.26431193541166037
7	0.2904574861022889	0.18366209134019856	0.24328413050486666	0.2825962920526459
8	0.23615509056114867	0.1953998732056977	0.2260241924371827	0.34242084379597093
9	0.25613098928097233	0.18592823871051653	0.2659771315349057	0.29196364047360546
10	0.32456649706018653	0.22483528728112986	0.1876572359562225	0.26294097970246105
11	0.3174754392024482	0.2029328844685059	0.209947626874877	0.26964404945416887
12	0.30374678129265026	0.21969839676956432	0.20323221843396655	0.2733226035038189
13	0.2936220744682486	0.20752138391440655	0.22564138570241873	0.2732151559149261
14	0.30868190569430065	0.19620201973364765	0.23188032753643273	0.2632357470356189
15	0.29870460449144093	0.21126597849274262	0.20810160967641284	0.2819278073394036
