	A	C	G	T
0	6584033	4891246	4642537	6656078
1	6517890	4704060	5305011	6246933
2	6767983	4391101	5394993	6219817
3	6609181	4950413	4482956	6731344
4	6509429	4570388	4713394	6980683
5	7160899	4320594	5616365	5676036
6	6892048	4289080	5573354	6019412
7	6614848	4182701	5540527	6435818
8	5378171	4450016	5147451	7798256
9	5833100	4234310	6057335	6649149
10	7391643	5120375	4273686	5988190
11	7230152	4621572	4781325	6140845
12	6917497	5003388	4628389	6224620
13	6686918	4726070	5138733	6222173
14	7029889	4468284	5280818	5994903
15	6802667	4811349	4739284	6420594
