	A	C	G	T
0	6540362	3906016	4664625	5146257
1	6419734	4406800	3822161	5608565
2	6193911	4139256	4430623	5493470
3	6264207	3979311	4923050	5090692
4	6434333	4995305	3673821	5153801
5	7282308	4194682	2550330	6229940
6	5925927	4047022	3609320	6674991
7	6345023	4186951	4400851	5324435
8	6376855	2637308	5334769	5908328
9	6257173	5011911	4795714	4192462
10	5897795	4595522	3612804	6151139
11	5684319	4245326	4663848	5663767
12	6202966	3766689	4585776	5701829
13	5711250	4696490	3948527	5900993
14	5835465	4374611	4444514	5602670
15	6600876	4022439	4510837	5123108
