	A	C	G	T
0	3573335	2158307	2526343	2852663
1	3550557	2335999	2168040	3056052
2	3444157	2256148	2354983	3055360
3	3420311	2177167	2634170	2879000
4	3536673	2787370	1989377	2797228
5	4214252	2297390	1296887	3302119
6	3192835	2318096	1981938	3617779
7	3555488	2150741	2585979	2818440
8	3472628	1458217	2929252	3250551
9	3297228	2738441	2779056	2295923
10	3181057	2479785	2121433	3328373
11	3098707	2431288	2457987	3122666
12	3379480	2104004	2539004	3088160
13	3167366	2524548	2287586	3131148
14	3173806	2453473	2412072	3071297
15	3480471	2292515	2520753	2816909
