	A	C	G	T
0	5308290	4231839	3758923	5406426
1	5337201	3997816	4272618	5097843
2	5544511	3847301	4153382	5160284
3	5388516	4199641	3602413	5514908
4	5418875	3832603	3977131	5476869
5	5729994	3773764	4589573	4612147
6	5410252	3755713	4550646	4988867
7	5362385	3642950	4460651	5239492
8	4369873	4049482	3952244	6333879
9	4875773	3867511	4563198	5398996
10	6276058	4337626	3370049	4721745
11	6029955	3895638	3778350	5001535
12	5619823	4178526	3836936	5070193
13	5507945	3837348	4320875	5039310
14	5749341	3745070	4251989	4959078
15	5504834	3997225	3898866	5304553
