	A	C	G	T
0	0.32286508639371764	0.1928205492746798	0.2302692960449735	0.2540450682866291
1	0.3169102830293929	0.2175417603367879	0.18868104570904456	0.2768669109247746
2	0.30576252662008585	0.204334446020834	0.2187177831552737	0.27118524420380646
3	0.30923268990969166	0.19643875825259685	0.24302645076382492	0.2513021010738866
4	0.31763096292390974	0.24659332012325458	0.18135823897210185	0.25441747798073383
5	0.3594912638728041	0.2070705514961056	0.1258970857855406	0.3075410988455497
6	0.2925334916963104	0.1997813129712508	0.17817414596050996	0.3295110493719289
7	0.3132221731863046	0.2066889105436767	0.21724808784603644	0.2628408284239823
8	0.3147935604321611	0.13019075630169136	0.263350966517683	0.2916647167484645
9	0.30888545637465287	0.24741307560844852	0.23674050686025652	0.20696096115664211
10	0.2911447550162263	0.2268580252215749	0.17834613368244273	0.3036510860797561
11	0.2806065084814037	0.2095705934563707	0.2302309394261613	0.2795919586360643
12	0.30620952685605063	0.18594266944295526	0.22637691375832664	0.28147088994266745
13	0.2819359577751384	0.23184231233641667	0.1949191055453699	0.291302624343075
14	0.28806783345822684	0.2159527497795852	0.2194035126172049	0.27657590414498306
15	0.3258523610794352	0.19856777273925497	0.22267754869118528	0.25290231749012454
