	A	C	G	T
0	0.32188541027007184	0.19455600269154896	0.22620800904240687	0.2573505779959723
1	0.3062245411628144	0.2220557306761461	0.1878256331810136	0.28389409498002594
2	0.30301815458869263	0.1974508347196985	0.2316754785399229	0.26785553215168595
3	0.302151127213116	0.19987686457536055	0.24391684001243652	0.2540551681990869
4	0.30117347578474774	0.2600162487431819	0.17924817883348568	0.2595620966385847
5	0.3614876448866317	0.18491043007306052	0.11222748668193874	0.341374438358369
6	0.27842234809042515	0.22494184751792295	0.15412181531450728	0.34251398907714464
7	0.2931381808839605	0.21959713917323892	0.2282166723654005	0.2590480075774001
8	0.3001644389919577	0.1305940736197992	0.29374434080976913	0.27549714657847396
9	0.29947700861653903	0.24709788303845617	0.23893950618043056	0.21448560216457427
10	0.2716161083377867	0.23422410914621383	0.1789715919678062	0.31518819054819325
11	0.27063075760366595	0.20414431172350295	0.24852615772295172	0.2766987729498794
12	0.2992891776366179	0.1950219176243792	0.22520538833774395	0.28048351640125896
13	0.26640175351688516	0.24213022680604193	0.19324177397351278	0.29822624570356016
14	0.27867353794060146	0.21113950527148473	0.2369680027011731	0.2732189540867407
15	0.31486610292421235	0.2081626007827093	0.22220677608413844	0.2547645202089399
