	A	C	G	T
0	6020218	3638778	4230765	4813224
1	5727313	4153105	3512900	5309667
2	5667344	3692920	4333023	5009698
3	5651128	3738294	4561973	4751590
4	5632843	4863080	3352476	4854586
5	6760898	3458377	2098989	6384721
6	5207329	4207084	2882538	6406034
7	5482559	4107122	4268333	4844971
8	5613971	2442499	5493896	5152619
9	5601114	4621468	4468882	4011521
10	5080032	4380690	3347303	5894960
11	5061603	3818108	4648181	5175093
12	5597601	3647492	4212013	5245879
13	4982508	4528558	3614198	5577721
14	5212027	3948939	4432009	5110010
15	5888936	3893262	4155930	4764857
