	A	C	G	T
0	0.28747276109343806	0.2192654740200004	0.2052023766891088	0.28805938819745275
1	0.28731722896481887	0.21442591275811493	0.22562265317139718	0.27263420510566905
2	0.2952677923070421	0.20232999801326917	0.22522031883232535	0.2771818908473634
3	0.2915304374937676	0.2199839506661615	0.19550177356508355	0.29298383827498736
4	0.28972098902255944	0.20687732424700947	0.20385296358359686	0.29954872314683423
5	0.3100271217294382	0.19875338819394753	0.24260967363103977	0.2486098164455745
6	0.29655128064148084	0.19484863748957035	0.24560927318411746	0.2629908086848314
7	0.286370554644827	0.19864378320645773	0.23233430716548337	0.28265135498323185
8	0.23505636657803747	0.2119754616048426	0.21109938565932657	0.34186878615779337
9	0.26366834636272546	0.19796125735570125	0.25061744367645056	0.28775295260512274
10	0.332481449277225	0.23322512293711528	0.17940723160136032	0.2548861961842994
11	0.3174651166061802	0.2077437384162605	0.20507906546087099	0.2697120795166883
12	0.3031253329661559	0.21822496812400255	0.20926238989113966	0.2693873090187019
13	0.29486366042820006	0.208584402828303	0.22452853565175218	0.2720234010917448
14	0.3051459024833776	0.19936679864053863	0.22862076975416443	0.2668665291219193
15	0.2974048424013747	0.2094656916391527	0.21313289746289396	0.2799965684965786
