	A	C	G	T
0	3423232	2536735	2560283	3372401
1	3517170	2470647	2672250	3232584
2	3488765	2586569	2274708	3542609
3	3459165	2463324	2445145	3525017
4	3658550	2375519	2616401	3242181
5	3429549	2542256	2777716	3143130
6	3233826	2154467	3237275	3267083
7	3599401	2131087	3027384	3134779
8	2606831	2766148	2326849	4192823
9	2999404	2493355	2870738	3529154
10	4197368	2809199	2006032	2880052
11	3858358	2666267	2061033	3306993
12	3566738	2558927	2624662	3142324
13	3639826	2327095	2836227	3089503
14	3578068	2534523	2466811	3313249
15	3440780	2420189	2643446	3388236
