	A	C	G	T
0	3852976	2317544	2649853	3069300
1	3725504	2566232	2246113	3351824
2	3686597	2341115	2654583	3207378
3	3670573	2349140	2783581	3086379
4	3692130	3109584	2045736	3042223
5	4638826	2301208	1337244	3612395
6	3412978	2566049	1916736	3993910
7	3657864	2412290	2742519	3077000
8	3642880	1469740	3404958	3372095
9	3592496	2838880	2896224	2562073
10	3301590	2688699	2184362	3715022
11	3308447	2452777	2805975	3322474
12	3618357	2278206	2640214	3352896
13	3295407	2772421	2310023	3511822
14	3395921	2510191	2714267	3269294
15	3767942	2453497	2619285	3048949
