	A	C	G	T
0	0.3216135548529663	0.1942557265786838	0.22738034721287184	0.25675037135547807
1	0.3195634494045712	0.2102486731646975	0.19513173309063522	0.2750561443400961
2	0.30998705026025486	0.20306178361514107	0.21195730438044658	0.2749938617441575
3	0.3078408208054112	0.1959531973292647	0.23708518171037368	0.2591208001549505
4	0.31831383732073953	0.2508737564181675	0.1790513928620545	0.25176101339903845
5	0.3792984891610282	0.20677371832857994	0.11672469508529115	0.2972030974251007
6	0.2873671274618726	0.20863733600416465	0.17838185495571454	0.32561368157824816
7	0.3200072579025094	0.1935747581959216	0.2327478109287595	0.2536701729728095
8	0.31254954706512167	0.13124500029161215	0.26364366866811006	0.2925617839751561
9	0.29676288907721676	0.24646996286805234	0.2501254652293908	0.20664168282534015
10	0.28630706327839744	0.2231899525572226	0.1909369282511695	0.29956605591321045
11	0.2788952543542015	0.21882504062769337	0.22122805078515673	0.2810516542329484
12	0.3041658776337798	0.18936825286877956	0.22851988470879467	0.277945984788646
13	0.2850748219185776	0.22721879047918717	0.20589132155028222	0.28181506605195306
14	0.2856544460773125	0.22082177385153412	0.2170955285416296	0.27642825152952377
15	0.3132554464870096	0.2063349500407177	0.2268772262427898	0.2535323772294829
