	A	C	G	T
0	3209804	2264023	2585511	3052950
1	3302570	2392483	2378094	3039141
2	3173758	2474413	2067525	3396592
3	3274104	2206224	2474472	3157488
4	3498625	2335925	2278279	2999459
5	3082810	2418486	2547608	3063384
6	2989271	1867180	3311619	2944218
7	3423289	2045984	2886730	2756285
8	2246571	2680513	2181918	4003286
9	2687906	2271920	2874768	3277694
10	3967619	2632686	1783765	2728218
11	3507799	2570100	1873466	3160923
12	3371780	2262098	2613224	2865186
13	3445358	2221588	2532220	2913122
14	3255440	2432125	2243285	3181438
15	3246873	2164377	2628352	3072686
