	A	C	G	T
0	0.32406072059340907	0.19492075181546203	0.22287013276143086	0.258148394829698
1	0.3133394837688135	0.2158370545598689	0.18891293309748722	0.2819105285738304
2	0.31006714818817976	0.19690322854127276	0.22326795699091134	0.2697616662796361
3	0.30871942399088687	0.19757818402575075	0.2341175404908108	0.25958485149255156
4	0.3105325100194093	0.2615365452018739	0.17205990442293914	0.2558710403557777
5	0.3901558941107968	0.19354678635821188	0.11247104945611204	0.3038262700748793
6	0.28705398373866126	0.21582166305162473	0.16121015270983483	0.3359142004998792
7	0.30765051318064	0.20288951596902624	0.23066395518194655	0.25879601566838717
8	0.3063902598498714	0.12361483785130171	0.2863794487871954	0.2836154535116315
9	0.3021526327931811	0.23876855149843063	0.24359156050801398	0.21548725520037432
10	0.2776855175075042	0.22613733783931653	0.18371926629100732	0.3124578783621719
11	0.27826223648034726	0.20629473998149486	0.23600102374556475	0.2794419997925931
12	0.30432771363855005	0.1916121662891822	0.22205942922063543	0.2820006908516323
13	0.277165486384697	0.23317891080772365	0.19428818605860734	0.295367416748972
14	0.28561937742106114	0.21112363645324814	0.22828777545017429	0.2749692106755165
15	0.31690879976261754	0.20635529673524242	0.22029916213843728	0.25643674136370276
