	A	C	G	T
0	0.3242789581601406	0.19344315785914196	0.22942900293225513	0.25284888104846237
1	0.31451209374081884	0.2216545085892634	0.1846111720808208	0.27922222558909693
2	0.3042107745553859	0.20123561374686166	0.22674052418726207	0.2678130875104904
3	0.3107251940747104	0.19819567719634779	0.2441067029937811	0.24697242573516076
4	0.31248582069986786	0.253409948763486	0.17902104750499212	0.25508318303165406
5	0.3688178800370825	0.18703071072822428	0.12899476392425938	0.3151566453104339
6	0.2939357609085643	0.1900727991508449	0.18408075756437942	0.33191068237621135
7	0.30701264378567883	0.20804387359815413	0.21714497513709402	0.267798507479073
8	0.3152731538145007	0.12508652502078313	0.26957564642896825	0.29006467473574793
9	0.31832314707343196	0.24132310271851712	0.22636210210677063	0.21399164810128027
10	0.2921765835033971	0.22627058166859676	0.17376178424451943	0.3077910505834867
11	0.2825648295387923	0.19744067749717073	0.2456944332825228	0.27430005968151416
12	0.30840165527272345	0.18427530436913478	0.22848371625677893	0.27883932410136286
13	0.28033382123739675	0.23189491661934744	0.1915051994060833	0.29626606273717254
14	0.28854431121867546	0.20724355283746296	0.23130266871665423	0.2729094672272074
15	0.3273347922147902	0.19472387308873135	0.2279929137534051	0.24994842094307332
