	A	C	G	T
0	0.28556207004732725	0.21575640376888444	0.21019923801769297	0.28848228816609534
1	0.291075454491429	0.20547934657559103	0.23256699428444166	0.2708782046485383
2	0.295801367714213	0.20804709308902936	0.21063774211260256	0.2855137970841551
3	0.2888857474717899	0.21601657430966206	0.19717649562769363	0.29792118259085437
4	0.3007563060383455	0.20151321425475924	0.2123804553137476	0.28535002439314766
5	0.30397420743000864	0.20629954271979548	0.23576919955924514	0.2539570502909507
6	0.28806199748980593	0.1914175508647968	0.24826572716358136	0.2722547244818159
7	0.29074351617104777	0.18787763228322032	0.24401607756211466	0.2773627739836172
8	0.23396281343121655	0.21770158700574754	0.20296436468140733	0.3453712348816286
9	0.25275802491121824	0.19593985879812761	0.25867679365647855	0.2926253226341756
10	0.33991490927743173	0.22576588659269287	0.18236424783911856	0.25195495629075687
11	0.3209686103329413	0.2140108771128306	0.190497797903907	0.27452271465032113
12	0.3001393696715879	0.21929647042703507	0.21021824117804194	0.27034591872333513
13	0.3002535367102558	0.2002971107101417	0.23394381027086758	0.2655055423087349
14	0.3059294598739138	0.20503116814450378	0.21836536492879394	0.2706740070527885
15	0.29259679321422316	0.20893328202644568	0.21429720784837433	0.2841727169109568
