	A	C	G	T
0	0.28784431662881554	0.213302736286468	0.21528278261928313	0.2835701644654333
1	0.2957431442325181	0.20774569101540102	0.22469758845189353	0.2718135763001874
2	0.29335469442431295	0.21749305516490813	0.1912700540863429	0.29788219632443597
3	0.2908657623939355	0.20712993259450732	0.20560134153436438	0.29640296347719275
4	0.30763115809923286	0.19974680161723404	0.22000149504092906	0.27262054524260404
5	0.28837548499489307	0.21376697256145832	0.23356575417877815	0.2642917882648705
6	0.2719180105428134	0.18115952448280875	0.2722080215756773	0.2747144433987006
7	0.30265758240109797	0.17919360452097685	0.2545592231706791	0.26358958990724607
8	0.21919679640813475	0.23259305263393334	0.19565435830917766	0.35255579264875425
9	0.2522065097176399	0.20965510549330002	0.24138755942640544	0.2967508253626546
10	0.35293796143517536	0.23621301928392585	0.1686782871203401	0.24217073216055865
11	0.324432121988613	0.22419450465669932	0.17330307599205594	0.2780702973626318
12	0.29991109635690144	0.21516876262491852	0.22069612569981242	0.26422401531836764
13	0.30605674041893605	0.1956750433524031	0.23848568330139344	0.25978253292726744
14	0.3008637855428533	0.21311673906852224	0.20742313887795077	0.27859633651067367
15	0.28931984971222985	0.2035029027590232	0.2222755885126033	0.28490165901614367
