	A	C	G	T
0	7192601	4315819	5045736	5695015
1	6847083	4956670	4144641	6300777
2	6755683	4403257	5139478	5950753
3	6815231	4417593	5401710	5614637
4	6790393	5728940	3963699	5766139
5	8058173	4192563	2716843	7281592
6	6371381	4604020	3738285	7535485
7	6583919	4841378	4896625	5927249
8	6787081	2830708	6306129	6325253
9	6866028	5420637	5096233	4866273
10	6187552	5160616	3878710	7022293
11	6164571	4460395	5476029	6148176
12	6763572	4244620	4956045	6284934
13	6034773	5315097	4226596	6672705
14	6309689	4638983	5222952	6077547
15	7139820	4527658	4920643	5661050
