	A	C	G	T
0	0.3232750110105226	0.19397662052217585	0.226783101267009	0.25596526720029256
1	0.30774553353021555	0.22277998582508984	0.18628294060933775	0.28319154003535685
2	0.3036375153033792	0.1979065646985229	0.23099638184272125	0.26745953815537665
3	0.3063139296291084	0.19855090331230768	0.24278252884118692	0.25235263821739695
4	0.3051975734286909	0.2574900431121681	0.17815041288504638	0.2591619705740946
5	0.3621785728555909	0.188436818612253	0.12210985299182607	0.32727475554033003
6	0.2863648717518509	0.20692995707570408	0.1680190691149796	0.3386861020574654
7	0.2959174973305747	0.2175981298359386	0.22008123358843348	0.2664031392450532
8	0.3050487139498366	0.12722757175986468	0.28343208832365036	0.28429162596664836
9	0.3085970259296403	0.2436332122217048	0.22905271391909388	0.21871704792956106
10	0.27810258638400503	0.2319464397122931	0.17433054022552122	0.31562043367818066
11	0.2770696939674741	0.20047466038172837	0.24612283307094904	0.2763328125798485
12	0.30399209031203905	0.19077654623626203	0.22275189489082536	0.2824794685608736
13	0.27123585863041816	0.23888966469806897	0.18996644863756945	0.2999080280339434
14	0.2835920942852208	0.20850138641120605	0.2347481620775893	0.27315835722598386
15	0.32090274284826165	0.20349782920001827	0.22116073448309603	0.2544386934686241
