	A	C	G	T
0	5785427	4371179	4258592	5844590
1	5897127	4162968	4711758	5487935
2	5992873	4214990	4267476	5784449
3	5852764	4376450	3994754	6035820
4	6093259	4082615	4302783	5781131
5	6158453	4179585	4776634	5145116
6	5836075	3878079	5029811	5515823
7	5890402	3806361	4943714	5619311
8	4740037	4410588	4112015	6997148
9	5120824	3969700	5240737	5928527
10	6886604	4573969	3694661	5104554
11	6502756	4335815	3859445	5561772
12	6080760	4442900	4258977	5477151
13	6083073	4057977	4739652	5379086
14	6198066	4153888	4424036	5483798
15	5927949	4232944	4341616	5757279
