	A	C	G	T
0	7384114	4404869	5224298	5757589
1	7161714	5047266	4203757	6358133
2	6927144	4582310	5163079	6098337
3	7075483	4513088	5558522	5623777
4	7115574	5770365	4076465	5808466
5	8398304	4258852	2937323	7176391
6	6693173	4328123	4191679	7557895
7	6990945	4737340	4944580	6098005
8	7179044	2848329	6138472	6605025
9	7248495	5495137	5154462	4872776
10	6653115	5152378	3956707	7008670
11	6434247	4495896	5594676	6246051
12	7022574	4196109	5202773	6349414
13	6383445	5280449	4360740	6746236
14	6570405	4719116	5266963	6214386
15	7453698	4434032	5191597	5691543
