	A	C	G	T
0	0.2837826437795388	0.22623527717388456	0.20095305770854935	0.28902902133802727
1	0.2853282337933305	0.21372434321111708	0.22841533373271722	0.2725320892628352
2	0.2964110834270046	0.20567776990248526	0.22204094436934463	0.2758702023011655
3	0.2880715478107536	0.22451396323579648	0.1925859900506151	0.2948284989028348
4	0.2896945483029089	0.2048920107788745	0.21261851742040486	0.2927949234978117
5	0.30632705563578755	0.20174646165150123	0.2453598352311553	0.24656664748155593
6	0.2892335603506096	0.20078145022543664	0.24327878710183187	0.2667062023221219
7	0.28667457736177604	0.19475310922287042	0.23846762964303825	0.28010468377231523
8	0.23361461278883117	0.21648642178510488	0.21128805155366787	0.3386109138723961
9	0.2606601659684933	0.2067582020625188	0.24394982047505015	0.28863181149393774
10	0.33551978730508786	0.23189067929726254	0.18016374668426008	0.2524257867133895
11	0.3223630532189554	0.2082618792206219	0.2019916304731694	0.26738343708725326
12	0.3004372836663142	0.22338514952678568	0.2051236541509391	0.271053912655961
13	0.294456255007223	0.20514567978428566	0.23099516622884483	0.2694028989796465
14	0.3073613515783986	0.20021247251740906	0.22731250171741132	0.265113674186781
15	0.2942899400913465	0.2136927481885253	0.20843444898868663	0.28358286273144157
