	A	C	G	T
0	0.28885176482107017	0.2037404898073196	0.23267134545108983	0.2747363999205204
1	0.29719982059500255	0.21530066535352577	0.2140057925064577	0.27349372154501395
2	0.28560796840398667	0.22267358441393886	0.1860575427850682	0.30566090439700627
3	0.2946381519269479	0.19853913073527252	0.22267889385156325	0.28414382348621636
4	0.3148429018398371	0.21021098445252678	0.20502339392211577	0.2699227197855203
5	0.2774235153012593	0.21764068749838017	0.22926043673454108	0.2756753604658195
6	0.26900589689540083	0.16802840243161443	0.2980141443418313	0.2649515563311534
7	0.30806337992679816	0.18411905810936505	0.2597781842947195	0.2480393776691173
8	0.20216997615612553	0.24122061991193894	0.19635182241496982	0.36025758151696574
9	0.24188591944341256	0.20445114453477087	0.2587017183139962	0.2949612177078204
10	0.3570478914873337	0.23691664578887806	0.16052184752591006	0.24551361519787823
11	0.3156684743951921	0.23128450234551157	0.16859408251478003	0.2844529407445163
12	0.3034280608997895	0.20356725815601612	0.23516525129658267	0.25783942964761175
13	0.31004937956971595	0.19992174428884493	0.22787566340973164	0.26215321273170744
14	0.2929585698282838	0.218868067494291	0.20187426747758877	0.28629909519983643
15	0.29218762148713207	0.1947732996121051	0.2365266270996576	0.27651245180110523
