	A	C	G	T
0	6397027	4879235	4566294	6410081
1	6393566	4771542	5020699	6066830
2	6570487	4502376	5011746	6168028
3	6487321	4895223	4350430	6519663
4	6447056	4603566	4536266	6665749
5	6898921	4422787	5398705	5532224
6	6599048	4335896	5465454	5852239
7	6372500	4420348	5170051	6289738
8	5230624	4717013	4697518	7607482
9	5867316	4405160	5576899	6403262
10	7398589	5189874	3992284	5671890
11	7064436	4622846	4563550	6001805
12	6745338	4856081	4656640	5994578
13	6561494	4641553	4996352	6053238
14	6790301	4436437	5087415	5938484
15	6618042	4661164	4742769	6230662
