length	frame0	rpfs0	frame1	rpfs1	frame2	rpfs2	p_site	rpfs	periodicity	ribo
25	9	10746	7	9205	8	9687	10	29638	36.26	first
26	8	17047	9	16442	10	12706	12	46195	36.9	first
27	9	34182	10	20972	11	20332	13	75486	45.28	first
28	12	146502	13	58815	14	48870	13	254187	57.64	first
29	12	1631547	13	1026969	14	197599	13	2856115	57.12	first
30	13	2996677	14	780897	15	2779866	14	6557440	45.7	first
31	13	3598556	14	1444430	15	1857376	14	6900362	52.15	first
32	14	1383861	15	260322	13	1381830	15	3026013	45.73	first
33	14	369968	15	86397	16	38474	15	494839	74.77	first
