length	frame0	rpfs0	frame1	rpfs1	frame2	rpfs2	p_site	rpfs	periodicity	ribo
25	9	14064	7	10829	8	8627	10	33520	41.96	first
26	8	19952	9	15857	10	14505	12	50314	39.65	first
27	9	54519	10	21190	11	28841	13	104550	52.15	first
28	9	129615	10	60891	11	41838	13	232344	55.79	first
29	12	757180	13	414348	14	152783	13	1324311	57.18	first
30	12	1624680	13	1222612	14	405835	13	3253127	49.94	first
31	13	2148221	14	706268	15	1552083	14	4406572	48.75	first
32	13	1036232	14	862820	15	224066	14	2123118	48.81	first
33	14	252570	15	60595	16	37931	15	351096	71.94	first
