length	frame0	rpfs0	frame1	rpfs1	frame2	rpfs2	p_site	rpfs	periodicity	ribo
25	9	10863	7	7531	8	9980	10	28374	38.29	first
26	9	26616	10	18741	11	17705	13	63062	42.21	first
27	9	66209	10	45080	11	38980	13	150269	44.06	first
28	12	797937	13	105098	14	128849	13	1031884	77.33	first
29	12	2975380	13	2027227	14	306879	13	5309486	56.04	first
30	13	3698076	14	1122891	15	3328276	14	8149243	45.38	first
31	13	3079057	14	1390487	15	1414594	14	5884138	52.33	first
32	14	815592	15	117240	16	579387	15	1512219	53.93	first
33	14	86159	15	19829	16	8461	15	114449	75.28	first
