length	frame0	rpfs0	frame1	rpfs1	frame2	rpfs2	p_site	rpfs	periodicity	ribo
25	7	1339	8	997	9	878	8	3214	41.66	first
26	8	1864	9	1479	10	1661	9	5004	37.25	first
27	9	3092	10	2165	11	1994	10	7251	42.64	first
28	12	8176	13	6110	14	3933	13	18219	44.88	first
29	12	90748	13	85888	14	14878	13	191514	47.38	first
30	13	228550	14	50537	15	166500	14	445587	51.29	first
31	13	291560	14	92675	15	114010	14	498245	58.52	first
32	13	118587	14	94134	15	21763	14	234484	50.57	first
33	14	25637	15	8196	16	3150	15	36983	69.32	first
