	0	1	2	3	4	5	6	7	8	9	10	11	12	13	14	15	16	17	18	19	20	21	22	23	24	25	26	27	28	29	30	31	32	33
25	23	24	37	17	28	50	4	21	23	18	24	19	20	19	37	14	11	9	12	21	10	0	2	0	1	0	0	0	0	0	0	0	0	0
26	28	22	46	40	66	40	21	21	43	51	24	39	31	24	24	36	3	17	32	21	8	1	2	0	0	2	1	0	0	0	0	0	0	0
27	91	37	68	78	52	54	47	40	54	78	55	51	50	38	42	70	30	10	46	24	3	0	0	3	0	1	0	6	0	0	0	0	0	0
28	150	508	157	132	499	133	75	229	115	148	534	115	146	285	105	128	127	49	36	42	4	3	4	2	5	4	3	2	3	0	0	0	0	0
29	529	2965	4657	518	3128	5877	348	2247	4021	572	3529	4788	456	2542	5381	487	364	1816	328	87	40	57	29	24	30	31	28	46	34	37	0	0	0	0
30	7344	2386	7263	6810	2531	9742	4781	1192	7547	8676	2438	7591	6953	1817	9739	6571	598	3420	5353	586	89	63	118	76	81	71	68	98	153	86	60	0	0	0
31	9442	4742	4264	8043	5122	5005	5789	3334	3257	11666	5309	3826	8294	4532	4238	9360	3272	1941	7980	6001	287	79	83	120	88	99	117	97	123	185	64	69	0	0
32	3076	3021	713	3846	3643	561	2447	2369	655	4047	3407	719	3507	3924	681	3743	2742	473	3284	6750	1330	58	31	48	57	30	57	30	52	77	85	19	21	0
33	143	516	81	223	1290	86	103	525	98	226	1032	65	192	1208	84	196	764	99	186	1557	740	20	4	7	12	9	3	13	15	9	17	7	2	3
