	0	1	2	3	4	5	6	7	8	9	10	11	12	13	14	15	16	17	18	19	20	21	22	23	24	25	26	27	28	29	30	31	32	33
25	1	1	1	1	2	1	7	4	3	3	4	24	95	125	16	42	386	655	736	219	173	125	130	81	63	224	0	0	0	0	0	0	0	0
26	1	1	1	11	8	1	9	3	0	5	3	13	87	590	265	81	611	1425	1320	591	211	272	291	319	159	84	544	0	0	0	0	0	0	0
27	12	13	8	19	14	11	14	29	9	10	16	31	41	291	1366	1576	1521	2136	2859	1153	749	603	473	807	750	458	312	1500	0	0	0	0	0	0
28	38	41	22	53	61	48	83	87	80	74	74	91	58	195	841	6250	29407	5809	3821	7299	1502	1554	5832	1584	2178	6130	1500	690	17482	0	0	0	0	0
29	236	146	96	327	270	260	345	383	268	374	330	431	328	406	496	3132	116576	114930	11138	23788	24719	3173	20207	25039	3603	24679	25538	3298	8871	66450	0	0	0	0
30	383	298	202	570	421	429	439	739	385	530	653	566	675	577	540	1352	41885	188728	137371	13227	39401	28002	7974	37140	30723	13473	47771	27292	16872	18214	68837	0	0	0
31	0	197	205	487	289	321	346	478	314	398	486	416	391	489	333	450	5738	55413	165141	53774	11004	33476	10626	9589	31764	11991	18406	33051	8614	23977	14795	31205	0	0
32	0	0	48	181	82	91	106	110	72	91	119	113	107	134	89	121	255	4600	32957	27248	2068	6421	5753	1078	5227	4663	931	9628	5413	374	14187	3361	2611	0
33	0	0	0	21	8	9	11	9	2	14	7	8	9	6	10	7	17	73	968	3145	228	193	525	53	230	425	33	147	607	30	30	1240	16	426
