length	frame0	rpfs0	frame1	rpfs1	frame2	rpfs2	p_site	rpfs	periodicity	ribo
25	7	2477	8	1135	9	1195	8	4807	51.53	first
26	8	2892	9	1658	10	1984	9	6534	44.26	first
27	9	5739	10	2487	11	3272	10	11498	49.91	first
28	9	9705	10	7272	11	4055	10	21032	46.14	first
29	12	44530	13	37847	14	12313	13	94690	47.03	first
30	12	104172	13	94984	14	27613	13	226769	45.94	first
31	13	182391	14	45720	15	86584	14	314695	57.96	first
32	13	86998	14	58224	15	16871	14	162093	53.67	first
33	14	15641	15	5609	16	2697	15	23947	65.32	first
