	0	1	2	3	4	5	6	7	8	9	10	11	12	13	14	15	16	17	18	19	20	21	22	23	24	25	26	27	28	29	30	31	32	33
25	2	0	0	2	3	4	3	5	1	1	10	9	30	27	10	27	126	397	1177	710	238	150	174	31	32	250	0	0	0	0	0	0	0	0
26	2	0	1	2	0	2	5	2	1	3	2	13	33	166	36	26	184	677	1463	1275	220	224	296	155	89	87	177	0	0	0	0	0	0	0
27	7	4	2	4	4	2	4	11	2	8	11	4	21	176	397	359	258	805	3058	2438	597	227	376	320	565	269	108	853	0	0	0	0	0	0
28	9	4	4	6	11	13	12	8	20	10	18	13	23	125	418	1386	1619	1581	3214	4660	919	628	536	459	1243	1009	453	245	1322	0	0	0	0	0
29	28	8	12	42	30	43	72	61	45	57	43	34	40	54	292	2282	15206	17076	7256	6362	4214	1192	2283	2534	1385	3611	3188	1590	1240	8158	0	0	0	0
30	86	47	35	126	91	100	94	177	97	149	166	103	130	115	213	1347	11449	50805	56946	10764	8083	7168	2472	6421	8066	3346	9917	8189	4140	3676	20472	0	0	0
31	0	74	64	183	129	152	180	244	147	148	239	214	197	209	155	281	3840	31755	124017	65374	6283	15253	8555	4226	14992	9706	7052	17501	8377	8969	8030	30675	0	0
32	0	0	60	236	119	144	188	179	109	170	183	168	173	176	157	146	511	7911	67425	121618	18462	7807	15935	3097	7961	14718	3616	12651	17913	2703	16254	9570	8658	0
33	0	0	0	88	40	53	55	47	30	47	86	52	54	63	53	69	69	549	13429	39523	11467	2026	4567	1687	1415	3844	1229	1278	7012	1573	659	14691	853	3317
