length	frame0	rpfs0	frame1	rpfs1	frame2	rpfs2	p_site	rpfs	periodicity	ribo
25	7	1218	8	1198	9	744	8	3160	38.54	first
26	9	1885	10	1405	11	1611	10	4901	38.46	first
27	9	3275	10	2881	11	1877	10	8033	40.77	first
28	12	13424	13	6817	14	5598	13	25839	51.95	first
29	13	161804	14	15903	15	145451	14	323158	50.07	first
30	13	298089	14	62712	15	190950	14	551751	54.03	first
31	13	243534	14	86526	15	78643	14	408703	59.59	first
32	14	55654	15	9180	16	38785	15	103619	53.71	first
33	14	6339	15	1738	16	690	15	8767	72.31	first
