	0	1	2	3	4	5	6	7	8	9	10	11	12	13	14	15	16	17	18	19	20	21	22	23	24	25	26	27	28	29	30	31	32	33
25	4	4	0	5	3	3	8	6	9	4	5	26	49	111	14	50	256	765	1929	745	311	476	273	92	76	352	0	0	0	0	0	0	0	0
26	0	2	4	3	8	5	3	10	8	5	8	11	54	268	89	57	305	1297	2246	1342	207	491	486	323	264	90	403	0	0	0	0	0	0	0
27	16	5	1	12	16	17	14	21	3	17	11	14	23	202	508	558	489	1254	4455	2424	631	543	562	567	957	456	192	1634	0	0	0	0	0	0
28	25	8	11	21	20	23	43	44	40	26	25	31	26	156	416	2022	3647	2572	4008	4736	912	1045	1074	778	2210	1701	836	487	2828	0	0	0	0	0
29	82	39	32	133	113	99	156	154	96	111	102	88	115	126	281	2102	28389	33338	9097	8066	7782	1904	4867	6836	2226	6398	7512	2390	2276	20622	0	0	0	0
30	186	148	81	310	215	239	251	420	217	217	337	203	244	292	249	1061	14756	74669	81847	10631	14822	14784	3918	13013	16404	5327	18247	15560	6541	6844	41756	0	0	0
31	0	139	162	399	256	276	348	425	305	289	404	350	279	349	266	401	3704	34663	147454	70445	7501	25077	13126	5939	24148	14322	10435	25906	11536	13692	12290	44422	0	0
32	0	0	96	339	130	184	196	204	112	174	202	181	167	180	151	171	415	6062	46364	66313	8251	7965	13237	2239	7146	9899	2251	12125	11272	1545	18639	7405	5395	0
33	0	0	0	54	27	25	42	32	14	22	34	43	28	31	24	25	49	164	4615	12125	1564	701	1912	336	708	1549	245	517	2345	272	241	5864	134	1488
