length	frame0	rpfs0	frame1	rpfs1	frame2	rpfs2	p_site	rpfs	periodicity	ribo
25	7	913	8	901	9	767	8	2581	35.37	first
26	9	2001	10	1832	11	1606	10	5439	36.79	first
27	9	5235	10	4380	11	3100	10	12715	41.17	first
28	12	39038	13	10642	14	7554	13	57234	68.21	first
29	12	152774	13	146176	14	16624	13	315574	48.41	first
30	13	245562	14	59326	15	162718	14	467606	52.51	first
31	13	215769	14	73358	15	71318	14	360445	59.86	first
32	14	44153	15	7852	16	34697	15	86702	50.93	first
33	14	4439	15	1285	16	525	15	6249	71.04	first
