length	frame0	rpfs0	frame1	rpfs1	frame2	rpfs2	p_site	rpfs	periodicity	ribo
25	7	750	8	614	9	436	8	1800	41.67	first
26	8	1272	9	1133	10	887	9	3292	38.64	first
27	9	2833	10	2246	11	1739	10	6818	41.55	first
28	12	19453	13	7324	14	5137	13	31914	60.95	first
29	12	107847	13	97674	14	14671	13	220192	48.98	first
30	13	194728	14	46073	15	143391	14	384192	50.69	first
31	13	179648	14	60235	15	61999	14	301882	59.51	first
32	14	36482	15	5974	16	23336	15	65792	55.45	first
33	14	2655	15	761	16	306	15	3722	71.33	first
