length	frame0	rpfs0	frame1	rpfs1	frame2	rpfs2	p_site	rpfs	periodicity	ribo
25	8	12022	9	10052	7	8605	12	30679	39.19	first
26	9	22430	10	12998	11	16798	13	52226	42.95	first
27	9	42573	10	30806	11	22633	13	96012	44.34	first
28	12	321627	13	73903	14	77539	13	473069	67.99	first
29	15	3027950	13	2087212	14	257524	13	5372686	56.36	first
30	13	4224851	14	1145374	15	3482938	14	8853163	47.72	first
31	13	3241210	14	1539284	15	1342056	14	6122550	52.94	first
32	14	931783	15	118901	16	575854	15	1626538	57.29	first
33	14	102170	15	24092	16	9049	15	135311	75.51	first
