Sample	Digest	Site	A	T	C	G
R_GR_in_01d_1	End_3p	-10	0.2749940509261169	0.2679106553152228	0.2251580438379021	0.2319372499207581
R_GR_in_01d_1	End_3p	-9	0.2837057294163321	0.2817508772465283	0.2367675182245378	0.1977758751126016
R_GR_in_01d_1	End_3p	-8	0.2641647284867505	0.3100514924380864	0.2348428951628973	0.1909408839122657
R_GR_in_01d_1	End_3p	-7	0.2796397318254606	0.2685254963907978	0.2218026493403738	0.2300321224433677
R_GR_in_01d_1	End_3p	-6	0.2944292134685426	0.2670924614226563	0.2341544527804901	0.2043238723283109
R_GR_in_01d_1	End_3p	-5	0.2597359085807514	0.2897670306888972	0.234204104455734	0.2162929562746172
R_GR_in_01d_1	End_3p	-4	0.2600664573069705	0.2627277505914573	0.2198391446359871	0.257366647465585
R_GR_in_01d_1	End_3p	-3	0.2956096090302962	0.2597148066187728	0.2308543322802553	0.2138212520706756
R_GR_in_01d_1	End_3p	-2	0.202146244774435	0.3657138315474916	0.2711318077466689	0.1610081159314044
R_GR_in_01d_1	End_3p	-1	0.2165538831297407	0.2887348599811805	0.2128730511078566	0.281838205781222
R_GR_in_01d_1	End_3p	0	0.3336107742382867	0.2324961233359296	0.2472368295098014	0.1866562729159822
R_GR_in_01d_1	End_3p	1	0.2860199720942982	0.27941535006366	0.2378324736413494	0.1967322042006923
R_GR_in_01d_1	End_3p	2	0.2822757246607238	0.2532026608332763	0.2214485160684138	0.2430730984375859
R_GR_in_01d_1	End_3p	3	0.2892204971753673	0.2625176436862893	0.2260526136897408	0.2222092454486025
R_GR_in_01d_1	End_3p	4	0.2667822479781363	0.2855288951209854	0.2295635712668384	0.2181252856340398
R_GR_in_01d_1	End_3p	5	0.271636502422089	0.2598108972138035	0.2193666140237213	0.249185986340386
R_GR_in_01d_1	End_5p	-5	0.2748045967122343	0.2686540359122754	0.2348734792537848	0.2216678881217055
R_GR_in_01d_1	End_5p	-4	0.2750765802827906	0.2732412389465136	0.2203175378972113	0.2313646428734845
R_GR_in_01d_1	End_5p	-3	0.2786312463329417	0.271938690345792	0.2146075262104629	0.2348225371108034
R_GR_in_01d_1	End_5p	-2	0.2652359459300459	0.2762862644608584	0.2411401662291424	0.2173376233799531
R_GR_in_01d_1	End_5p	-1	0.2726011207928774	0.2724238275282357	0.2418585782570096	0.2131164734218772
R_GR_in_01d_1	End_5p	0	0.3642540333852529	0.2889538408312559	0.1937792376404227	0.1530128881430683
R_GR_in_01d_1	End_5p	1	0.2031431703913894	0.3708016507591457	0.3200016345306952	0.1060535443187697
R_GR_in_01d_1	End_5p	2	0.270927954407841	0.2837941503593685	0.1705892055899635	0.2746886896428269
R_GR_in_01d_1	End_5p	3	0.2873553530715939	0.2885374664124209	0.1632463065029161	0.260860874013069
R_GR_in_01d_1	End_5p	4	0.2270496059981287	0.207297456504448	0.3074219926981468	0.2582309447992764
R_GR_in_01d_1	End_5p	5	0.2599472020292721	0.2848635701853275	0.2204243520679789	0.2347648757174215
R_GR_in_01d_1	End_5p	6	0.2655990775929907	0.2830843199828279	0.236815050478186	0.2145015519459953
R_GR_in_01d_1	End_5p	7	0.27125606562984	0.2964163352718979	0.2330412784367167	0.1992863206615452
R_GR_in_01d_1	End_5p	8	0.2671128808870082	0.2746695178685865	0.2266272061645324	0.2315903950798727
R_GR_in_01d_1	End_5p	9	0.2706747774348728	0.2807026013395337	0.2228856792214521	0.2257369420041413
R_GR_in_01d_1	End_5p	10	0.258418024798197	0.2923983696031044	0.2428448473592633	0.2063387582394351
R_GR_in_01d_2	End_3p	-10	0.2651252583106558	0.2800406478629196	0.2282909003754368	0.2265431934509876
R_GR_in_01d_2	End_3p	-9	0.2800980661379884	0.2703821991741465	0.2340567412433599	0.2154629934445051
R_GR_in_01d_2	End_3p	-8	0.2675993216855424	0.3040630186948024	0.240115361866271	0.188222297753384
R_GR_in_01d_2	End_3p	-7	0.2661434400899665	0.2894263597451163	0.2267842051335068	0.2176459950314103
R_GR_in_01d_2	End_3p	-6	0.2885902442914724	0.2600528271036859	0.2306944507489591	0.2206624778558825
R_GR_in_01d_2	End_3p	-5	0.2668912520394654	0.2812040551198643	0.2408035794491594	0.2111011133915108
R_GR_in_01d_2	End_3p	-4	0.253278310540556	0.2718006672660208	0.2314202727207722	0.2435007494726509
R_GR_in_01d_2	End_3p	-3	0.2914429475946381	0.2505875160835116	0.229876583922631	0.2280929523992192
R_GR_in_01d_2	End_3p	-2	0.2027315980823059	0.3533283950053583	0.2789975364734894	0.1649424704388462
R_GR_in_01d_2	End_3p	-1	0.205266019364695	0.2971895090550414	0.2192177821343724	0.2783266894458911
R_GR_in_01d_2	End_3p	0	0.3203173153780075	0.2274337111931773	0.2427099883479842	0.2095389850808309
R_GR_in_01d_2	End_3p	1	0.2886107835414637	0.2742513662896161	0.2393177288735775	0.1978201212953425
R_GR_in_01d_2	End_3p	2	0.2744772216854317	0.2631471910991289	0.2243782877832197	0.2379972994322195
R_GR_in_01d_2	End_3p	3	0.2854748447444583	0.2550162059645448	0.2231400153418271	0.2363689339491697
R_GR_in_01d_2	End_3p	4	0.273142208613039	0.280642356262759	0.2313900746784987	0.2148253604457032
R_GR_in_01d_2	End_3p	5	0.265183478303661	0.2708581523890946	0.2223475744271983	0.241610794880046
R_GR_in_01d_2	End_5p	-5	0.2734300518609572	0.2675375840148652	0.2379598072808491	0.2210725568433284
R_GR_in_01d_2	End_5p	-4	0.2737494811422165	0.2718024708895485	0.2206319620977014	0.2338160858705335
R_GR_in_01d_2	End_5p	-3	0.2784632873989062	0.2688543658326374	0.2153609016268554	0.2373214451416009
R_GR_in_01d_2	End_5p	-2	0.2641307074833516	0.273997501845358	0.2440534029242385	0.2178183877470517
R_GR_in_01d_2	End_5p	-1	0.2739250622342942	0.2674750346828027	0.2437751004016064	0.2148248026812966
R_GR_in_01d_2	End_5p	0	0.3798113056963043	0.2801509355860258	0.1893939550156507	0.1506438037020192
R_GR_in_01d_2	End_5p	1	0.1873325001059672	0.3795886789527607	0.336789241209394	0.0962895797318779
R_GR_in_01d_2	End_5p	2	0.2700619727173408	0.2787646545104064	0.1697463620766225	0.2814270106956303
R_GR_in_01d_2	End_5p	3	0.2806616405719865	0.2855940639996517	0.1633353228450552	0.2704089725833065
R_GR_in_01d_2	End_5p	4	0.2220379855449181	0.2080430116395982	0.310576259588129	0.2593427432273546
R_GR_in_01d_2	End_5p	5	0.2554620497775069	0.2880809918384195	0.2212153358131585	0.235241622570915
R_GR_in_01d_2	End_5p	6	0.2616583668514506	0.2836936411615846	0.2388963670599484	0.2157516249270162
R_GR_in_01d_2	End_5p	7	0.2671580111450843	0.29795374327967	0.2357107807477891	0.1991774648274566
R_GR_in_01d_2	End_5p	8	0.2632284009099057	0.2751765452988143	0.2294803250274082	0.2321147287638716
R_GR_in_01d_2	End_5p	9	0.2667242899524312	0.2820022888931403	0.2246820886283557	0.2265913325260727
R_GR_in_01d_2	End_5p	10	0.2533087565628111	0.2931036497420699	0.2464655999676179	0.207121993727501
R_GR_in_01d_3	End_3p	-10	0.2733080320513877	0.2881472397198409	0.2255460215255219	0.2129987067032493
R_GR_in_01d_3	End_3p	-9	0.2792976877322912	0.2707058480501623	0.2236145864003398	0.2263818778172067
R_GR_in_01d_3	End_3p	-8	0.2814930445597486	0.2851487264460043	0.2328914253009335	0.2004668036933135
R_GR_in_01d_3	End_3p	-7	0.2682764997067065	0.3040080495225755	0.2268108622632036	0.2009045885075142
R_GR_in_01d_3	End_3p	-6	0.2811130652097903	0.2703637058162884	0.2226268902531991	0.2258963387207221
R_GR_in_01d_3	End_3p	-5	0.2822888748112779	0.2655111291823917	0.2297040838220329	0.2224959121842974
R_GR_in_01d_3	End_3p	-4	0.2605012180469017	0.276264509048677	0.2359234425146324	0.2273108303897888
R_GR_in_01d_3	End_3p	-3	0.2910288912514378	0.2508526641015157	0.2209612977228444	0.237157146924202
R_GR_in_01d_3	End_3p	-2	0.2022596665232251	0.3373338824405717	0.2751205951979383	0.1852858558382648
R_GR_in_01d_3	End_3p	-1	0.2019118509555346	0.3089606019130214	0.2179790896997408	0.2711484574317032
R_GR_in_01d_3	End_3p	0	0.3026716443693479	0.2306937902055654	0.2358040344729631	0.2308305309521234
R_GR_in_01d_3	End_3p	1	0.2908087480305826	0.2611890315963148	0.233494228186936	0.2145079921861664
R_GR_in_01d_3	End_3p	2	0.274646938832125	0.27326854207427	0.2256731578093194	0.2264113612842855
R_GR_in_01d_3	End_3p	3	0.2777106731088936	0.2567327395631095	0.2205364230934705	0.2450201642345263
R_GR_in_01d_3	End_3p	4	0.2806876098454588	0.2678680196719053	0.2272870649284465	0.2241573055541893
R_GR_in_01d_3	End_3p	5	0.2679063481791078	0.281145497023577	0.2233662105261606	0.2275819442711546
R_GR_in_01d_3	End_5p	-5	0.2749897556736544	0.2668633273491544	0.2344228042033216	0.2237241127738695
R_GR_in_01d_3	End_5p	-4	0.2741249026336598	0.2731408843189356	0.2185362009315087	0.2341980121158958
R_GR_in_01d_3	End_5p	-3	0.2786754790884156	0.2680343372929537	0.2134263921638488	0.2398637914547819
R_GR_in_01d_3	End_5p	-2	0.2664219645505872	0.2720240729046627	0.2401101199735611	0.2214438425711889
R_GR_in_01d_3	End_5p	-1	0.2764080324454828	0.26445504495596	0.2379880665829605	0.2211488560155966
R_GR_in_01d_3	End_5p	0	0.3759667992229548	0.275854921483399	0.1888417961902053	0.1593364831034408
R_GR_in_01d_3	End_5p	1	0.2007207019303836	0.3764998035582563	0.3178090067947441	0.1049704877166159
R_GR_in_01d_3	End_5p	2	0.274203497203682	0.2866607142115112	0.1692831420098432	0.2698526465749635
R_GR_in_01d_3	End_5p	3	0.2888352235573171	0.2882808615162335	0.1619688873631682	0.260915027563281
R_GR_in_01d_3	End_5p	4	0.2306890482912472	0.208303178978334	0.3050918334433166	0.2559159392871021
R_GR_in_01d_3	End_5p	5	0.2635576638619709	0.2912536933080812	0.2139404069071893	0.2312482359227585
R_GR_in_01d_3	End_5p	6	0.2683702073230032	0.2843188283680912	0.2297267451334479	0.2175842191754576
R_GR_in_01d_3	End_5p	7	0.2763321187590315	0.2966414650206577	0.2259338310572408	0.2010925851630698
R_GR_in_01d_3	End_5p	8	0.2706549456649688	0.2754813403577845	0.2228676598357306	0.230996054141516
R_GR_in_01d_3	End_5p	9	0.2736756312285582	0.2806812714948218	0.2173928487698832	0.2282502485067366
R_GR_in_01d_3	End_5p	10	0.2617361822010688	0.2893088463215216	0.2392218092023205	0.2097331622750889
R_GR_un_01d_1	End_3p	-10	0.2647714209535656	0.2715728872990798	0.2383395576099346	0.2253161341374199
R_GR_un_01d_1	End_3p	-9	0.2764883270250983	0.280926477744832	0.2514501083774364	0.1911350868526333
R_GR_un_01d_1	End_3p	-8	0.2583899101300083	0.3139967255230002	0.2465947953054951	0.1810185690414963
R_GR_un_01d_1	End_3p	-7	0.2715969477613063	0.275377625524436	0.2312911162550081	0.2217343104592495
R_GR_un_01d_1	End_3p	-6	0.2887743046808184	0.2676512279680773	0.2455602444327349	0.1980142229183694
R_GR_un_01d_1	End_3p	-5	0.2557675157592352	0.2920390300879755	0.2434013202284342	0.2087921339243549
R_GR_un_01d_1	End_3p	-4	0.2565442129614543	0.2692226554684407	0.227076517121175	0.2471566144489299
R_GR_un_01d_1	End_3p	-3	0.2834019121844092	0.26668675135394	0.2468525999730581	0.2030587364885926
R_GR_un_01d_1	End_3p	-2	0.2084522982715228	0.3628438741107613	0.2730893334580622	0.1556144941596535
R_GR_un_01d_1	End_3p	-1	0.2360432290551593	0.2839279591538616	0.2129425391569321	0.2670862726340468
R_GR_un_01d_1	End_3p	0	0.3172428788014734	0.2369085726446853	0.2605673574600149	0.1852811910938263
R_GR_un_01d_1	End_3p	1	0.2826646623795268	0.2792028469946204	0.2456050331546799	0.1925274574711729
R_GR_un_01d_1	End_3p	2	0.2785385626240663	0.2549387283913405	0.2273463765213403	0.2391763324632528
R_GR_un_01d_1	End_3p	3	0.2869045470500379	0.2607507266039079	0.233455283777961	0.2188894425680932
R_GR_un_01d_1	End_3p	4	0.2658164094606521	0.2850583108487252	0.2353019610060762	0.2138233186845464
R_GR_un_01d_1	End_3p	5	0.2689900873345776	0.2606686466156607	0.2243829704262617	0.2459582956234999
R_GR_un_01d_1	End_5p	-5	0.2718195872448219	0.269530631171133	0.2422522625853861	0.2163975189986589
R_GR_un_01d_1	End_5p	-4	0.2738011630551569	0.2723146503384074	0.2239586029221466	0.2299255836842889
R_GR_un_01d_1	End_5p	-3	0.2787086597808782	0.2723694994078849	0.2179544679199115	0.2309673728913253
R_GR_un_01d_1	End_5p	-2	0.2620958128445835	0.275685637876542	0.2491000635249276	0.2131184857539468
R_GR_un_01d_1	End_5p	-1	0.2724998823612451	0.2679059419335106	0.2465343622803096	0.2130598134249347
R_GR_un_01d_1	End_5p	0	0.3776206483463912	0.2920714420158577	0.1858921723172482	0.1444157373205028
R_GR_un_01d_1	End_5p	1	0.1928231046435937	0.3723321981193484	0.3343707601032084	0.1004739371338493
R_GR_un_01d_1	End_5p	2	0.266995908131975	0.2718329196370452	0.1768478597589189	0.2843233124720608
R_GR_un_01d_1	End_5p	3	0.2928189872871719	0.2895036820930287	0.1625224984118768	0.2551548322079225
R_GR_un_01d_1	End_5p	4	0.2254328125857782	0.2097949458469598	0.3182837584013677	0.2464884831658941
R_GR_un_01d_1	End_5p	5	0.2569221094197272	0.2822493412229725	0.2321232226744778	0.2287053266828224
R_GR_un_01d_1	End_5p	6	0.2658892215451458	0.2841031809519328	0.2456666294143942	0.2043409680885271
R_GR_un_01d_1	End_5p	7	0.267454895340721	0.2981235148107192	0.2463235438282787	0.1880980460202809
R_GR_un_01d_1	End_5p	8	0.2644766251793991	0.2729470076622042	0.2389982765922405	0.2235780905661561
R_GR_un_01d_1	End_5p	9	0.2679586342924813	0.2815857115968284	0.2338071724348869	0.2166484816758032
R_GR_un_01d_1	End_5p	10	0.252044316479621	0.2928202617070167	0.2567044287069932	0.1984309931063689
R_GR_un_01d_2	End_3p	-10	0.2696226700882484	0.2746126137822475	0.233421885797724	0.22234283033178
R_GR_un_01d_2	End_3p	-9	0.2836220669564	0.2675433168910059	0.239573173287011	0.2092614428655829
R_GR_un_01d_2	End_3p	-8	0.270353001950455	0.3004981452737005	0.2459662613193358	0.1831825914565086
R_GR_un_01d_2	End_3p	-7	0.2699666907974186	0.2850948371420753	0.2314397129727854	0.2134987590877206
R_GR_un_01d_2	End_3p	-6	0.2931729692849217	0.2569670356398333	0.2361337879008245	0.2137262071744204
R_GR_un_01d_2	End_3p	-5	0.2704096996310268	0.2780436177721755	0.2452071149837179	0.2063395676130797
R_GR_un_01d_2	End_3p	-4	0.25727084755911	0.2679549913542884	0.2343671210424265	0.2404070400441749
R_GR_un_01d_2	End_3p	-3	0.2963867143365426	0.2475254749252453	0.2336991840190329	0.2223886267191791
R_GR_un_01d_2	End_3p	-2	0.2033457109574156	0.3527308424152335	0.2820446662684134	0.1618787803589374
R_GR_un_01d_2	End_3p	-1	0.210976013594296	0.2952143596873465	0.2156043520810924	0.2782052746372649
R_GR_un_01d_2	End_3p	0	0.3194851850604077	0.2277297673505174	0.2469382841638448	0.2058467634252301
R_GR_un_01d_2	End_3p	1	0.287171396540565	0.2729363893109259	0.2438136667704754	0.1960785473780335
R_GR_un_01d_2	End_3p	2	0.274932476349261	0.2610610464200619	0.2271537517841281	0.236852725446549
R_GR_un_01d_2	End_3p	3	0.2863351194472223	0.2531962290290481	0.2272514799601089	0.2332171715636206
R_GR_un_01d_2	End_3p	4	0.2722240801896934	0.2793137005973525	0.2352253102828502	0.2132369089301038
R_GR_un_01d_2	End_3p	5	0.2653870520575095	0.2691071320478024	0.2245780336751354	0.2409277822195526
R_GR_un_01d_2	End_5p	-5	0.2732820970175476	0.2660347081503044	0.2405859474887577	0.2200972473433902
R_GR_un_01d_2	End_5p	-4	0.2742717421255081	0.271294478484917	0.2229430112464602	0.2314907681431146
R_GR_un_01d_2	End_5p	-3	0.2779623370505935	0.2690978301611852	0.2172060064477609	0.2357338263404604
R_GR_un_01d_2	End_5p	-2	0.2638210744438095	0.2717019632965603	0.2466738922119664	0.2178030700476637
R_GR_un_01d_2	End_5p	-1	0.276065562919967	0.2653723330140994	0.2435897302430822	0.2149723738228513
R_GR_un_01d_2	End_5p	0	0.373493718449309	0.2863457740669038	0.1896448668776105	0.1505156406061765
R_GR_un_01d_2	End_5p	1	0.1952810004193197	0.3666082278180352	0.3367051327141924	0.1014056390484525
R_GR_un_01d_2	End_5p	2	0.2747633319776075	0.2739994280857249	0.1785844239547154	0.2726528159819521
R_GR_un_01d_2	End_5p	3	0.2866000068927779	0.2828038834283318	0.1731117336284333	0.2574843760504569
R_GR_un_01d_2	End_5p	4	0.2257798441256903	0.2015526064425995	0.3223426765905866	0.2503248728411236
R_GR_un_01d_2	End_5p	5	0.2602169405961442	0.2832273125831496	0.228305680125683	0.2282500666950231
R_GR_un_01d_2	End_5p	6	0.2657159856614878	0.2795985773262563	0.2435737858999077	0.211111651112348
R_GR_un_01d_2	End_5p	7	0.2726741846892992	0.2908001633007573	0.2408314684570209	0.1956941835529223
R_GR_un_01d_2	End_5p	8	0.2687966409707047	0.2697929706486558	0.2341033939698713	0.227306994410768
R_GR_un_01d_2	End_5p	9	0.2721286251532588	0.2763705875194585	0.2292659021673732	0.2222348851599094
R_GR_un_01d_2	End_5p	10	0.2592170494669685	0.2851828780547594	0.2533103004237524	0.2022897720545195
R_GR_un_01d_3	End_3p	-10	0.2689512113617825	0.2743348794613845	0.2380347654101819	0.218679143766651
R_GR_un_01d_3	End_3p	-9	0.2823060671885432	0.2765081349705811	0.2482216559427116	0.192964141898164
R_GR_un_01d_3	End_3p	-8	0.2659556450317608	0.3113441243366506	0.2477857076269386	0.1749145230046499
R_GR_un_01d_3	End_3p	-7	0.2746673193162331	0.2799836320769688	0.2319719405717896	0.2133771080350083
R_GR_un_01d_3	End_3p	-6	0.2947496494164207	0.2619178171988384	0.24214156050461	0.2011909728801308
R_GR_un_01d_3	End_3p	-5	0.2633791785880179	0.2892490785463421	0.2477326293171654	0.1996391135484746
R_GR_un_01d_3	End_3p	-4	0.2577723743401719	0.2719383726666124	0.2327061713340974	0.2375830816591182
R_GR_un_01d_3	End_3p	-3	0.2915530149266723	0.261713793847606	0.2432606186075513	0.2034725726181703
R_GR_un_01d_3	End_3p	-2	0.2081915529036272	0.3609928767987185	0.2830394919895312	0.1477760783081229
R_GR_un_01d_3	End_3p	-1	0.2321354739614814	0.2852449859515185	0.2162883554593382	0.2663311846276618
R_GR_un_01d_3	End_3p	0	0.3249092593096496	0.2299236474462674	0.2565708011497307	0.1885962920943522
R_GR_un_01d_3	End_3p	1	0.2868876118794246	0.2765776779187438	0.2472283661847645	0.189306344017067
R_GR_un_01d_3	End_3p	2	0.2787098294006322	0.2564283378916842	0.2279857326424428	0.2368761000652406
R_GR_un_01d_3	End_3p	3	0.2881111379210519	0.2563586030479691	0.2314538225805108	0.224076436450468
R_GR_un_01d_3	End_3p	4	0.2692618902609975	0.2832641249230834	0.2366154291469617	0.2108585556689573
R_GR_un_01d_3	End_3p	5	0.2670814194790335	0.2650485547559182	0.2246617562641712	0.2432082695008769
R_GR_un_01d_3	End_5p	-5	0.2722562040999446	0.270572459097273	0.242029562832449	0.2151417739703333
R_GR_un_01d_3	End_5p	-4	0.2729629693183433	0.2724872626980404	0.2242654983447198	0.2302842696388963
R_GR_un_01d_3	End_5p	-3	0.278366108989715	0.2715545445126385	0.2195911971088769	0.2304881493887695
R_GR_un_01d_3	End_5p	-2	0.2624465976899744	0.2769820223051586	0.2484676100874832	0.2121037699173835
R_GR_un_01d_3	End_5p	-1	0.2717251033016964	0.2685280953090037	0.2447776207828207	0.2149691806064791
R_GR_un_01d_3	End_5p	0	0.3667955243500407	0.2864178811638643	0.1942965570886908	0.1524900373974041
R_GR_un_01d_3	End_5p	1	0.1973316052499553	0.364165318185041	0.3307225132112043	0.1077805633537992
R_GR_un_01d_3	End_5p	2	0.262751937462238	0.2782597352772505	0.1799934578823247	0.2789948693781867
R_GR_un_01d_3	End_5p	3	0.284264878759112	0.2894881696961293	0.1700896468204644	0.2561573047242942
R_GR_un_01d_3	End_5p	4	0.2195472426156355	0.2071929973467225	0.3270705666164126	0.2461891934212292
R_GR_un_01d_3	End_5p	5	0.2568204609432849	0.2861343458913048	0.2310323789526845	0.2260128142127257
R_GR_un_01d_3	End_5p	6	0.2648128465663038	0.2841748584214256	0.2479108659691606	0.2031014290431099
R_GR_un_01d_3	End_5p	7	0.2673485409737836	0.3009948034272527	0.2469216019597024	0.1847350536392612
R_GR_un_01d_3	End_5p	8	0.264061167149571	0.2771207956615494	0.2384606883104733	0.2203573488784061
R_GR_un_01d_3	End_5p	9	0.2655716661889254	0.2864146565547532	0.2340260830185596	0.2139875942377617
R_GR_un_01d_3	End_5p	10	0.2497861297201127	0.2975024749834633	0.2587941520485347	0.1939172432478892
R_GR_in_02d_1	End_3p	-10	0.2856922268188975	0.2662913385635057	0.225541815446866	0.2224746191707307
R_GR_in_02d_1	End_3p	-9	0.2703958302718575	0.2678084430208914	0.2240913925842369	0.2377043341230141
R_GR_in_02d_1	End_3p	-8	0.2809088237971453	0.2446356070762288	0.2237506017248148	0.250704967401811
R_GR_in_02d_1	End_3p	-7	0.2816900744721099	0.2752986946665484	0.2342548771617423	0.2087563536995993
R_GR_in_02d_1	End_3p	-6	0.262366470891913	0.2908807460547312	0.2264362441878429	0.2203165388655128
R_GR_in_02d_1	End_3p	-5	0.2883580768651074	0.2335544455221188	0.2119360997110543	0.2661513779017195
R_GR_in_02d_1	End_3p	-4	0.2808101758784004	0.2435811110913012	0.2352859678283689	0.2403227452019294
R_GR_in_02d_1	End_3p	-3	0.2889560120604935	0.2428682699204981	0.2184160741442783	0.24975964387473
R_GR_in_02d_1	End_3p	-2	0.1872769475129453	0.3014917591680713	0.2658047749833904	0.2454265183355928
R_GR_in_02d_1	End_3p	-1	0.1622231250985203	0.3104186104011192	0.2265973324691692	0.3007609320311912
R_GR_in_02d_1	End_3p	0	0.2779440454239107	0.2577942655242253	0.2450836854014196	0.2191780036504442
R_GR_in_02d_1	End_3p	1	0.2778501099853607	0.2488575966241048	0.2254380623412434	0.247854231049291
R_GR_in_02d_1	End_3p	2	0.2806867088972961	0.2659646066033314	0.2298842874050563	0.2234643970943161
R_GR_in_02d_1	End_3p	3	0.2663701940654323	0.2731999130704486	0.2267694950789532	0.2336603977851657
R_GR_in_02d_1	End_3p	4	0.2767837542586094	0.2509722435701938	0.2207738065270835	0.2514701956441131
R_GR_in_02d_1	End_3p	5	0.2809864226376867	0.2702418107108234	0.2275373937266992	0.2212343729247906
R_GR_in_02d_1	End_5p	-5	0.2769943735823489	0.2659239402598167	0.2330961400614683	0.2239855460963659
R_GR_in_02d_1	End_5p	-4	0.2703341090523463	0.266952052709616	0.2213184081067546	0.2413954301312831
R_GR_in_02d_1	End_5p	-3	0.2816900069716518	0.262126177079958	0.2130971219842695	0.2430866939641205
R_GR_in_02d_1	End_5p	-2	0.2706672558203474	0.2666870906609322	0.2393697626692589	0.2232758908494614
R_GR_in_02d_1	End_5p	-1	0.279988845356978	0.2531563515676397	0.2474759674394399	0.2193788356359423
R_GR_in_02d_1	End_5p	0	0.3965882503117605	0.2916679922624483	0.1694801897074851	0.1422635677183059
R_GR_in_02d_1	End_5p	1	0.2459132176628273	0.3649957875511827	0.2622996239235671	0.1267913708624228
R_GR_in_02d_1	End_5p	2	0.2682927308255025	0.2434159130409167	0.1881068724776858	0.3001844836558949
R_GR_in_02d_1	End_5p	3	0.315551182726014	0.2674852760675956	0.1654811716302864	0.2514823695761039
R_GR_in_02d_1	End_5p	4	0.2583859152993392	0.213590282891959	0.2888644062803782	0.2391593955283235
R_GR_in_02d_1	End_5p	5	0.2569094176215866	0.2674192123015289	0.2227239716813464	0.2529473983955381
R_GR_in_02d_1	End_5p	6	0.2696698579157706	0.2660192260484481	0.2231505189462004	0.2411603970895808
R_GR_in_02d_1	End_5p	7	0.2792413271668581	0.2786824167083984	0.230057521037696	0.2120187350870474
R_GR_in_02d_1	End_5p	8	0.2719226244832631	0.2568740684007423	0.2265337535962922	0.2446695535197023
R_GR_in_02d_1	End_5p	9	0.2838174801897075	0.2548457301086989	0.2155311122239569	0.2458056774776367
R_GR_in_02d_1	End_5p	10	0.2775803851101226	0.2577024970296835	0.2367105586158816	0.2280065592443122
R_GR_in_02d_2	End_3p	-10	0.2800364642445787	0.2690071707854816	0.2237316842051953	0.2272246807647444
R_GR_in_02d_2	End_3p	-9	0.2699594420818509	0.2610980305153154	0.2211536881826438	0.2477888392201898
R_GR_in_02d_2	End_3p	-8	0.2818732541636326	0.2496875434061781	0.2251534041373665	0.2432857982928227
R_GR_in_02d_2	End_3p	-7	0.2742013161398138	0.2858994466140839	0.2288730123449716	0.2110262249011306
R_GR_in_02d_2	End_3p	-6	0.2648506325099052	0.2800325267144447	0.2206743957215069	0.234442445054143
R_GR_in_02d_2	End_3p	-5	0.2870214390369181	0.2347245894547783	0.2116315862150057	0.2666223852932978
R_GR_in_02d_2	End_3p	-4	0.2702664336554006	0.2495456565444534	0.2329142081430024	0.2472737016571435
R_GR_in_02d_2	End_3p	-3	0.2965410291318845	0.2339217406381487	0.2056192492542114	0.2639179809757552
R_GR_in_02d_2	End_3p	-2	0.1775499546980369	0.2992058544827355	0.2664966558828125	0.256747534936415
R_GR_in_02d_2	End_3p	-1	0.1742753552840228	0.3139102213258533	0.2208547074462632	0.2909597159438606
R_GR_in_02d_2	End_3p	0	0.2775155624089701	0.2510018638095224	0.2432844405238109	0.2281981332576965
R_GR_in_02d_2	End_3p	1	0.2815111371682071	0.2503329589058988	0.2278472857450682	0.2403086181808257
R_GR_in_02d_2	End_3p	2	0.2777638983612135	0.2710862545846768	0.2280912768364742	0.2230585702176354
R_GR_in_02d_2	End_3p	3	0.2687384682980623	0.2666430233822759	0.2225583002252674	0.2420602080943942
R_GR_in_02d_2	End_3p	4	0.2799076798538171	0.2534486993455417	0.2214390912289072	0.2452045295717338
R_GR_in_02d_2	End_3p	5	0.2761846772236828	0.275363159083142	0.2259168097642057	0.2225353539289694
R_GR_in_02d_2	End_5p	-5	0.2773396555298295	0.2654911728644576	0.2311730314935367	0.2259961401121761
R_GR_in_02d_2	End_5p	-4	0.2706983479943569	0.2673948391739435	0.2200023344288671	0.2419044784028323
R_GR_in_02d_2	End_5p	-3	0.2825041210681798	0.2623125335811802	0.2106006564240148	0.2445826889266251
R_GR_in_02d_2	End_5p	-2	0.2717770198088987	0.2654309448712876	0.2370186776716631	0.2257733576481505
R_GR_in_02d_2	End_5p	-1	0.2810980316853564	0.2504018537999756	0.248253201470921	0.2202469130437469
R_GR_in_02d_2	End_5p	0	0.4136999061135895	0.2817720827430775	0.1646779998955686	0.1398500112477644
R_GR_in_02d_2	End_5p	1	0.2450141983929107	0.3680768278330192	0.26221781199102	0.12469116178305
R_GR_in_02d_2	End_5p	2	0.2740954919924269	0.2376692350589932	0.1787151284502848	0.309520144498295
R_GR_in_02d_2	End_5p	3	0.3198252424006973	0.2674967582469403	0.1560105330408258	0.2566674663115365
R_GR_in_02d_2	End_5p	4	0.2623278112570125	0.213067627616633	0.2798646818906103	0.2447398792357441
R_GR_in_02d_2	End_5p	5	0.2621567012876908	0.2674239686091971	0.2184837334511366	0.2519355966519754
R_GR_in_02d_2	End_5p	6	0.2721112953561094	0.2656330175969628	0.2214219360672044	0.2408337509797234
R_GR_in_02d_2	End_5p	7	0.2816456514879675	0.2768678129993466	0.2267522153139212	0.2147343201987646
R_GR_in_02d_2	End_5p	8	0.2723588616053741	0.2555564737250117	0.2258302585030281	0.246254406166586
R_GR_in_02d_2	End_5p	9	0.284097141302409	0.2544852030956509	0.2132694966399637	0.2481481589619763
R_GR_in_02d_2	End_5p	10	0.2754070634874344	0.2604562620171652	0.2349145682552575	0.2292221062401429
R_GR_in_02d_3	End_3p	-10	0.2887449737732959	0.260456421096286	0.2196280791453547	0.2311705259850633
R_GR_in_02d_3	End_3p	-9	0.2714141404146412	0.2726937983155469	0.2207746792448832	0.2351173820249287
R_GR_in_02d_3	End_3p	-8	0.2757584623054123	0.2433779115643297	0.2128758007220585	0.2679878254081994
R_GR_in_02d_3	End_3p	-7	0.2880708842997836	0.263147437413577	0.2272695549652189	0.2215121233214204
R_GR_in_02d_3	End_3p	-6	0.2573984559690763	0.3036419308171237	0.2210863296003301	0.2178732836134698
R_GR_in_02d_3	End_3p	-5	0.2795489677665615	0.2337149554254176	0.2037531319372086	0.2829829448708122
R_GR_in_02d_3	End_3p	-4	0.2835346159130475	0.2336382468804972	0.2264214264129061	0.256405710793549
R_GR_in_02d_3	End_3p	-3	0.2934642568391228	0.242242344885646	0.2092914713670907	0.2550019269081404
R_GR_in_02d_3	End_3p	-2	0.1717982435669683	0.2935031802959916	0.2595463827936779	0.275152193343362
R_GR_in_02d_3	End_3p	-1	0.1705949439436546	0.3017967225310947	0.2253178216279392	0.3022905118973114
R_GR_in_02d_3	End_3p	0	0.27281980698694	0.2668384231700437	0.244745749265161	0.2155960205778552
R_GR_in_02d_3	End_3p	1	0.2720045159966651	0.248850400736472	0.2206285302021068	0.2585165530647559
R_GR_in_02d_3	End_3p	2	0.2855017172293609	0.2596755000876106	0.2261263699721423	0.2286964127108861
R_GR_in_02d_3	End_3p	3	0.2664397751669046	0.2808758679733856	0.226020983289709	0.2266633735700008
R_GR_in_02d_3	End_3p	4	0.2724617899938957	0.250679890776139	0.2150894464541519	0.2617688727758134
R_GR_in_02d_3	End_3p	5	0.2863838654959448	0.2629159544929184	0.2238460420974042	0.2268541379137325
R_GR_in_02d_3	End_5p	-5	0.2777621056558892	0.2652504683390538	0.229492748736426	0.2274946772686308
R_GR_in_02d_3	End_5p	-4	0.2715226208419856	0.2674659156893364	0.2171083665192095	0.2439030969494684
R_GR_in_02d_3	End_5p	-3	0.2825193707134605	0.2606019788036619	0.2098579787546166	0.2470206717282608
R_GR_in_02d_3	End_5p	-2	0.2723496476181051	0.2649616264130089	0.2354328819119969	0.227255844056889
R_GR_in_02d_3	End_5p	-1	0.2811928698608602	0.2534707011116648	0.2406701342878487	0.2246662947396262
R_GR_in_02d_3	End_5p	0	0.3991359264880658	0.2761353335651308	0.1720630827963892	0.1526656571504141
R_GR_in_02d_3	End_5p	1	0.2432543849584997	0.366621854421217	0.2604676296482487	0.1296561309720345
R_GR_in_02d_3	End_5p	2	0.2761065632277428	0.2482683497387022	0.1704326323063301	0.3051924547272248
R_GR_in_02d_3	End_5p	3	0.3190460947222852	0.2695273519641338	0.1513312740135978	0.2600952792999831
R_GR_in_02d_3	End_5p	4	0.2582670272665727	0.2099872920062252	0.279307296105013	0.252438384622189
R_GR_in_02d_3	End_5p	5	0.262468284753648	0.2683629634235738	0.2120717182766524	0.2570970335461258
R_GR_in_02d_3	End_5p	6	0.2726857832494453	0.2663730807732696	0.2173738243354139	0.243567311641871
R_GR_in_02d_3	End_5p	7	0.2819999719741005	0.2774922687928982	0.2228821834978249	0.2176255757351762
R_GR_in_02d_3	End_5p	8	0.2737546209891215	0.2544474037069507	0.221641862285985	0.2501561130179427
R_GR_in_02d_3	End_5p	9	0.2834905119193274	0.2536759908250212	0.2103449287572878	0.2524885684983635
R_GR_in_02d_3	End_5p	10	0.2760284410330696	0.2591315386831856	0.2314895064901852	0.2333505137935594
R_GR_un_02d_1	End_3p	-10	0.2703825428055268	0.2721419152052922	0.2216045147182433	0.2358710272709376
R_GR_un_02d_1	End_3p	-9	0.2803783334275069	0.2679568569606403	0.2305348329963451	0.2211299766155076
R_GR_un_02d_1	End_3p	-8	0.2693822256804969	0.295468632995111	0.2359749005399837	0.1991742407844083
R_GR_un_02d_1	End_3p	-7	0.2714714879673374	0.2852048408694186	0.2222419711165765	0.2210817000466673
R_GR_un_02d_1	End_3p	-6	0.2934635824674505	0.2652883968416235	0.2255398415391199	0.2157081791518061
R_GR_un_02d_1	End_3p	-5	0.2763364714716331	0.2754483156982698	0.2277714531573904	0.2204437596727066
R_GR_un_02d_1	End_3p	-4	0.2658753382838393	0.2692611107797222	0.2201562176530352	0.2447073332834032
R_GR_un_02d_1	End_3p	-3	0.2937895400525525	0.2571047319628031	0.2259713663079641	0.2231343616766803
R_GR_un_02d_1	End_3p	-2	0.210498363012937	0.3557193638285569	0.2604357547158282	0.1733465184426777
R_GR_un_02d_1	End_3p	-1	0.2268638778619747	0.2982998904158185	0.1951366136152749	0.2796996181069318
R_GR_un_02d_1	End_3p	0	0.3188796835380167	0.2338463152334111	0.2358581414198562	0.2114158598087158
R_GR_un_02d_1	End_3p	1	0.2859808352911155	0.2717905488997479	0.2327645692090592	0.2094640466000772
R_GR_un_02d_1	End_3p	2	0.2781058863656685	0.2626936825088425	0.2185832968637532	0.2406171342617357
R_GR_un_02d_1	End_3p	3	0.285724509699416	0.2582424376690814	0.2210199326572113	0.2350131199742912
R_GR_un_02d_1	End_3p	4	0.2745100079505096	0.2783716494821037	0.2265064013641337	0.2206119412032529
R_GR_un_02d_1	End_3p	5	0.2704508438659537	0.2687592280540344	0.2178709452370688	0.242918982842943
R_GR_un_02d_1	End_5p	-5	0.2760972672346369	0.2689421538989535	0.2314924702857555	0.223468108580654
R_GR_un_02d_1	End_5p	-4	0.2741082701303969	0.2688370526586862	0.2204122461520663	0.2366424310588505
R_GR_un_02d_1	End_5p	-3	0.2851921247041645	0.2671202780529853	0.2090191385909608	0.2386684586518893
R_GR_un_02d_1	End_5p	-2	0.2714434666055784	0.2680161496496444	0.2371393172909026	0.2234010664538744
R_GR_un_02d_1	End_5p	-1	0.2826485778779617	0.2434280866092306	0.2569280595624521	0.2169952759503554
R_GR_un_02d_1	End_5p	0	0.4861740135277458	0.2296104501491566	0.1602503478869205	0.123965188436177
R_GR_un_02d_1	End_5p	1	0.2518237818270092	0.3788487656685256	0.2686733803184888	0.1006540721859763
R_GR_un_02d_1	End_5p	2	0.2857730556240297	0.2306948020932149	0.1722972977061306	0.3112348445766247
R_GR_un_02d_1	End_5p	3	0.3275194860845837	0.2840180403828372	0.1295493498426385	0.2589131236899405
R_GR_un_02d_1	End_5p	4	0.2592387136576308	0.2176331442721155	0.2778900390526439	0.2452381030176097
R_GR_un_02d_1	End_5p	5	0.2612538499304347	0.2713431454447477	0.2229735216273181	0.2444294829974994
R_GR_un_02d_1	End_5p	6	0.2669665289156686	0.2769829735990767	0.2286469918597062	0.2274035056255484
R_GR_un_02d_1	End_5p	7	0.2714922960246318	0.2906587808667579	0.2344542438089802	0.20339467929963
R_GR_un_02d_1	End_5p	8	0.2655168336850624	0.2676148650063212	0.2337339039901077	0.2331343973185085
R_GR_un_02d_1	End_5p	9	0.2749311093741472	0.2724128546138234	0.2205748898675748	0.2320811461444545
R_GR_un_02d_1	End_5p	10	0.263153719730752	0.2828976865746689	0.2414826547859305	0.2124659389086485
R_GR_un_02d_2	End_3p	-10	0.2733269854124425	0.2653915888837182	0.2218396331989436	0.2394417925048955
R_GR_un_02d_2	End_3p	-9	0.2856076692044038	0.2583571875781999	0.2293727525349022	0.2266623906824939
R_GR_un_02d_2	End_3p	-8	0.2729118824690043	0.2893472837867429	0.2364656128413397	0.201275220902913
R_GR_un_02d_2	End_3p	-7	0.2692791674909826	0.2795940435232216	0.2238660467590539	0.2272607422267419
R_GR_un_02d_2	End_3p	-6	0.2915890378474141	0.2561252317304888	0.2260266077628929	0.2262591226592041
R_GR_un_02d_2	End_3p	-5	0.2716121330060069	0.267729068182241	0.2325439056271357	0.2281148931846162
R_GR_un_02d_2	End_3p	-4	0.2558506065369053	0.2570644289750111	0.2274793304495761	0.2596056340385074
R_GR_un_02d_2	End_3p	-3	0.2994292045535488	0.2333295241404297	0.2218741471288648	0.2453671241771565
R_GR_un_02d_2	End_3p	-2	0.1925410498333808	0.3396788872400735	0.2738910432113302	0.1938890197152155
R_GR_un_02d_2	End_3p	-1	0.1856343005270447	0.2967043655662613	0.2113471783183382	0.3063141555883557
R_GR_un_02d_2	End_3p	0	0.3135789249907165	0.2313561750594966	0.2426273126397277	0.2124375873100591
R_GR_un_02d_2	End_3p	1	0.2853490624376258	0.2720365937932835	0.2363130249406355	0.2063013188284552
R_GR_un_02d_2	End_3p	2	0.2742422375859669	0.2622666195031337	0.2220521663463531	0.2414389765645461
R_GR_un_02d_2	End_3p	3	0.2855699625983495	0.255747890439245	0.2227709037992735	0.2359112431631317
R_GR_un_02d_2	End_3p	4	0.2730143783821037	0.2786203323487781	0.2297911032006138	0.2185741860685044
R_GR_un_02d_2	End_3p	5	0.2669280367496839	0.2685721548659301	0.2206536641077918	0.2438461442765941
R_GR_un_02d_2	End_5p	-5	0.2763139531061893	0.2680602469130909	0.2314522152649465	0.2241735847157732
R_GR_un_02d_2	End_5p	-4	0.271304406327801	0.2685663657315993	0.2219209072767531	0.2382083206638464
R_GR_un_02d_2	End_5p	-3	0.2815956908384235	0.2659015480254897	0.2119569786341662	0.2405457825019204
R_GR_un_02d_2	End_5p	-2	0.2697561551133884	0.2690574545884573	0.2374457015107974	0.2237406887873568
R_GR_un_02d_2	End_5p	-1	0.2824211825783035	0.2518795297372746	0.2520465660143718	0.21365272167005
R_GR_un_02d_2	End_5p	0	0.4011947663361231	0.3026491986580501	0.1662395790201334	0.1299164559856932
R_GR_un_02d_2	End_5p	1	0.2397311916133474	0.3734986761246416	0.2635758128607913	0.1231943194012195
R_GR_un_02d_2	End_5p	2	0.2639462766408135	0.2449797312984196	0.1874933211640193	0.3035806708967475
R_GR_un_02d_2	End_5p	3	0.3146532381391718	0.2759296705702175	0.1577183615315784	0.2516987297590323
R_GR_un_02d_2	End_5p	4	0.2607926273248336	0.2212764907891385	0.2839096442749417	0.2340212376110861
R_GR_un_02d_2	End_5p	5	0.2605071131082792	0.2745844064202931	0.2255726924645773	0.2393357880068503
R_GR_un_02d_2	End_5p	6	0.2704953209196861	0.2745958578196458	0.2260964288205515	0.2288123924401164
R_GR_un_02d_2	End_5p	7	0.2789024648531504	0.2860984030858438	0.2294015889587369	0.2055975431022688
R_GR_un_02d_2	End_5p	8	0.269835599196398	0.2650851403283655	0.2285333196356979	0.2365459408395384
R_GR_un_02d_2	End_5p	9	0.2788549525567974	0.2670395858909731	0.217424085893423	0.2366813756588064
R_GR_un_02d_2	End_5p	10	0.2689224051528214	0.2748084244201311	0.2386234338903833	0.2176457365366641
R_GR_un_02d_3	End_3p	-10	0.2731174812417734	0.2707017374663525	0.2261418264165624	0.2300389548753115
R_GR_un_02d_3	End_3p	-9	0.2847192123010496	0.2599743224665886	0.2311415090462474	0.2241649561861143
R_GR_un_02d_3	End_3p	-8	0.2742892527223175	0.2880514887278343	0.2405373858874707	0.1971218726623774
R_GR_un_02d_3	End_3p	-7	0.2692569753035175	0.2838099146486427	0.2288166875773054	0.2181164224705343
R_GR_un_02d_3	End_3p	-6	0.2910902628773471	0.2562287560478438	0.2289857031199478	0.2236952779548612
R_GR_un_02d_3	End_3p	-5	0.2749286923723942	0.267590016626326	0.2376090760003822	0.2198722150008976
R_GR_un_02d_3	End_3p	-4	0.2586615058001942	0.2638525802579553	0.2340363290928034	0.2434495848490469
R_GR_un_02d_3	End_3p	-3	0.296771377986106	0.2426939376899513	0.228211334468706	0.2323233498552366
R_GR_un_02d_3	End_3p	-2	0.203372762585896	0.343901876706518	0.2764188038070415	0.1763065569005443
R_GR_un_02d_3	End_3p	-1	0.2081623318953586	0.29753261921656	0.2118700823917206	0.2824349664963607
R_GR_un_02d_3	End_3p	0	0.324281529174462	0.2274474826716181	0.2385318740116674	0.2097391141422524
R_GR_un_02d_3	End_3p	1	0.2897201629202425	0.2693203747789129	0.2375937855386691	0.2033656767621753
R_GR_un_02d_3	End_3p	2	0.2754359627631759	0.264096854707273	0.2246546984866396	0.2358124840429114
R_GR_un_02d_3	End_3p	3	0.2850272591638534	0.2547235779143377	0.2230763498997654	0.2371728130220434
R_GR_un_02d_3	End_3p	4	0.2749646436043243	0.2767545226761649	0.231662727321616	0.2166181063978946
R_GR_un_02d_3	End_3p	5	0.266933123473611	0.2715284666255092	0.2226852124303845	0.2388531974704952
R_GR_un_02d_3	End_5p	-5	0.2746493110204941	0.2696118239765793	0.2342766800612731	0.2214621849416534
R_GR_un_02d_3	End_5p	-4	0.2714089282887494	0.2680744008645198	0.2236260208768466	0.2368906499698841
R_GR_un_02d_3	End_5p	-3	0.2810482407251439	0.2674180736026488	0.2140351235794558	0.2374985620927514
R_GR_un_02d_3	End_5p	-2	0.2678188226422909	0.271796100201583	0.2395121544378778	0.2208729227182482
R_GR_un_02d_3	End_5p	-1	0.2808480154045185	0.2541711992138993	0.2532600397257778	0.2117207456558043
R_GR_un_02d_3	End_5p	0	0.3895945347737819	0.3124755593067549	0.1696396347066572	0.1282902712128059
R_GR_un_02d_3	End_5p	1	0.236817318565199	0.3700196748979366	0.2735923093185789	0.1195706972182854
R_GR_un_02d_3	End_5p	2	0.2565904641721257	0.2480589557637812	0.1964942217389494	0.2988563583251435
R_GR_un_02d_3	End_5p	3	0.3060863275498254	0.2789475160497305	0.1644733887568558	0.2504927676435882
R_GR_un_02d_3	End_5p	4	0.251309707839627	0.2219762507704273	0.2933133098066094	0.2334007315833361
R_GR_un_02d_3	End_5p	5	0.2539434466416678	0.2745794857969079	0.2322419760299556	0.2392350915314685
R_GR_un_02d_3	End_5p	6	0.2658652829734325	0.2769322079138536	0.2320944926250091	0.2251080164877047
R_GR_un_02d_3	End_5p	7	0.2733802226618956	0.2905207484607492	0.2363645736058566	0.1997344552714985
R_GR_un_02d_3	End_5p	8	0.2661879262341272	0.2686255426934244	0.2336598905862618	0.2315266404861864
R_GR_un_02d_3	End_5p	9	0.274072805328321	0.2729975267249329	0.2230603321263615	0.2298693358203844
R_GR_un_02d_3	End_5p	10	0.2638452004632933	0.2796027989172316	0.2449372609922134	0.2116147396272616
R_GR_in_04d_1	End_3p	-10	0.2669272587938157	0.264228309621479	0.2424229002770544	0.2264215313076508
R_GR_in_04d_1	End_3p	-9	0.2776892530657595	0.2712733490340717	0.2538374009098949	0.1971999969902738
R_GR_in_04d_1	End_3p	-8	0.2607622222815047	0.2988825707439564	0.2542213690104453	0.1861338379640935
R_GR_in_04d_1	End_3p	-7	0.2740035355162513	0.2655935738697395	0.2358110220277756	0.2245918685862335
R_GR_in_04d_1	End_3p	-6	0.2868065573725637	0.2571776269722542	0.2492964764998526	0.2067193391553294
R_GR_in_04d_1	End_3p	-5	0.2529419503618625	0.2771091397404476	0.2521624426755462	0.2177864672221435
R_GR_in_04d_1	End_3p	-4	0.2523061457013015	0.2630008771527807	0.2359368833053907	0.2487560938405269
R_GR_in_04d_1	End_3p	-3	0.2730393970879987	0.2642968834969187	0.259723068707717	0.2029406507073654
R_GR_in_04d_1	End_3p	-2	0.2093099267838499	0.3488390095173471	0.2911342928431675	0.1507167708556355
R_GR_in_04d_1	End_3p	-1	0.262309723171312	0.269941602191263	0.2097372737033609	0.258011400934064
R_GR_in_04d_1	End_3p	0	0.3117765114126765	0.2282973089627594	0.2587129863529437	0.2012131932716202
R_GR_in_04d_1	End_3p	1	0.2855647032991387	0.2691994310705436	0.2466173641593139	0.1986185014710036
R_GR_in_04d_1	End_3p	2	0.280057417367625	0.2523018135196445	0.224893753244861	0.2427470158678693
R_GR_in_04d_1	End_3p	3	0.2855299888434922	0.2565911863816273	0.2308001699127247	0.2270786548621556
R_GR_in_04d_1	End_3p	4	0.2660297561597353	0.2796980172972613	0.2363979186375243	0.2178743079054791
R_GR_in_04d_1	End_3p	5	0.2677185659749084	0.2603652576359831	0.2227072555606401	0.2492089208284681
R_GR_in_04d_1	End_5p	-5	0.2689534887035849	0.2678467963794455	0.2423290713420283	0.2208706435749412
R_GR_in_04d_1	End_5p	-4	0.27005864157936	0.2686135556980971	0.2243588625187085	0.2369689402038343
R_GR_in_04d_1	End_5p	-3	0.2781170836005986	0.2684450146105053	0.218119307248236	0.2353185945406599
