Codon	AA	Abbr	SRR1944912_density	SRR1944913_density	SRR1944914_density	SRR1944915_density	SRR1944916_density	SRR1944917_density	SRR1944912_absolute_occupancy	SRR1944913_absolute_occupancy	SRR1944914_absolute_occupancy	SRR1944915_absolute_occupancy	SRR1944916_absolute_occupancy	SRR1944917_absolute_occupancy	SRR1944912_relative_occupancy	SRR1944913_relative_occupancy	SRR1944914_relative_occupancy	SRR1944915_relative_occupancy	SRR1944916_relative_occupancy	SRR1944917_relative_occupancy
GCA	Ala	A	34169.296381000604	34681.24738402965	34159.98580778086	34870.63320199811	35507.61264235317	36591.86331173168	2.917709536418803	2.2932782770633904	3.259229635319231	2.1949161705796003	2.373503518873875	3.210939216543671	0.6828837062102502	0.7668473815931618	0.7168303375304094	0.7603309790354297	0.7812129821592491	0.7121282100504068
GCC	Ala	A	24623.24356833371	24278.48245341938	25857.11214432765	22045.796657878913	23567.99342966561	26782.217600762135	2.2267357178815077	1.8024114664750839	2.48961218412552	1.6539722903352774	1.8211879630372931	2.4211008498248177	0.5211627548244753	0.6027068443650998	0.5475617682556195	0.5729450571572464	0.599424297610445	0.5369563539708373
GCG	Ala	A	9562.444757351686	9519.445649015384	9471.680144983846	9630.228253970428	9741.081866410297	10515.433903297368	2.794402325351165	2.088972053766817	3.137356788666395	1.9380616329181783	2.1498746118760312	3.0594803326439823	0.6540239159380249	0.698529596549304	0.6900257967103246	0.671355160866378	0.7076079489483915	0.6785373705440089
GCT	Ala	A	40205.19554316893	39045.77568327378	39874.200237145495	37599.03352532016	37862.70723969176	40235.308248254114	2.0874971725425198	1.6928582563743237	2.286758056841515	1.6043281074125346	1.7003955287956058	2.2000934081503782	0.4885742696783089	0.5660734391865222	0.50294631957577	0.555748040382298	0.5596667758600684	0.4879409029661771
TGC	Cys	C	7678.572710071949	7092.1828840351345	7501.51306685775	7061.5975317358225	7033.940402775495	7415.8117165929225	3.3356093440799084	2.3807260436505993	3.5926786718667385	2.2269307889422336	2.364349715218654	3.352536942401864	0.7806922666300231	0.7960889662295637	0.7901686450946531	0.7714210181218331	0.7782001068065348	0.7435320231600007
TGT	Cys	C	8687.090735880949	8775.436002206652	8685.254420584042	8946.879878127833	8006.004767134727	8857.771965765622	2.168519904114066	1.6235774287153844	2.300120344434333	1.5914051722034566	1.573198028519302	2.2648355831668683	0.5075374675334205	0.5429066818783352	0.5058852021330281	0.5512714648705621	0.5178010959805629	0.5022995457494844
GAC	Asp	D	49698.20984124269	48250.31154059524	48022.586393144076	45175.120294177235	46169.595384236054	48178.133465190054	2.8959973102524734	2.2632539772313542	3.113093892982243	2.08046054592324	2.2601133436575314	2.983350886444365	0.6778020058937968	0.7568075813906989	0.6846894498895115	0.7206829239900736	0.7438918338129649	0.6616532370870638
GAT	Asp	D	94176.28805262352	93301.67683699908	97601.56948521764	90926.53179071067	89040.8979659425	92625.37292377427	3.1795903998319837	2.4675149909287812	3.5882929957800602	2.2968785659613173	2.4571140230129283	3.3094673761531466	0.7441763648388517	0.8251102488349722	0.7892040657242877	0.7956513110574526	0.808732474234533	0.7339799727934535
GAA	Glu	E	140030.85697004362	141432.49721434584	132057.72340852913	152362.53151177254	148727.0914893118	144071.42345556276	3.2593361024612717	2.6327227195016074	3.4560132791219575	2.60943896130731	2.7521667559088048	3.4384587936888487	0.7628406767883782	0.8803539213286805	0.7601106526941355	0.9039239433276703	0.9058458863390096	0.7625879348527425
GAG	Glu	E	60572.58980115547	61709.679687756165	57783.86847689996	61639.65335148887	60402.517035416044	58566.07737897489	3.679316637378088	2.9112459162974083	4.011097353665137	2.7371071648085645	2.9457457710517456	3.7779691252080307	0.8611362269932059	0.9734890573093511	0.8821950557692103	0.9481489080260581	0.9695603230359553	0.8378851822851082
TTC	Phe	F	41221.970361443404	40965.00135113212	40925.41476756039	38745.58364759239	40286.85111267947	37390.723793954516	2.6744936327414135	2.149829511998537	2.9284733286268616	2.008896336786042	2.1800244108592786	2.6950211758652527	0.6259595416766045	0.7188796704858914	0.6440842651465346	0.6958926901184933	0.7175314288117707	0.5977069251665053
TTT	Phe	F	53481.70658576402	52695.15258344649	53712.293414034175	53187.94949170179	53012.7824724334	49252.811353329525	3.1756847328403315	2.3764387383172405	3.5005404988291304	2.2641841339960744	2.4504383134156145	3.2136768467525463	0.7432622517932619	0.794655337828746	0.7699039061630207	0.7843257808170079	0.80653523670736	0.7127353668880018
GGA	Gly	G	28040.93575904316	27867.536396395324	26930.44978063779	25768.210706472448	25660.556395242125	25201.094623917597	3.676053455564127	2.8021655501654426	4.030901029881424	2.515689808305423	2.7252077734964026	3.714236495787413	0.8603724862358271	0.9370137660251922	0.8865506481928395	0.871448723434947	0.896972629198711	0.8237504384452778
GGC	Gly	G	25120.654001474402	25094.007857969318	25226.805189758164	22304.983358851132	23057.579665118083	24314.39976164932	3.1471628666342273	2.5038922229065372	3.5178922311753125	2.2231619016098008	2.4060920030385144	3.207704454043446	0.7365867697208539	0.8372744006392925	0.7737202215338868	0.7701154549145667	0.7919391288431968	0.7114107982671645
GGG	Gly	G	15137.456228496962	16408.33654238618	15109.217451666173	15415.32951037561	15242.296977025992	15567.603124406021	3.3728734911980753	2.7161623145813905	3.7362060958620606	2.5069652805945046	2.6624099523189506	3.5388959137090295	0.7894138609406246	0.9082552168880055	0.8217358629035817	0.8684264992675826	0.87630340635365	0.7848630704685389
GGT	Gly	G	54711.82320192773	54448.13344284468	53875.844397683395	51106.373776434506	50275.169154647956	51837.44806457165	2.293227563162366	1.8950345761814242	2.441798603955919	1.7611349039055275	1.8155123918333076	2.278569145695457	0.5367250296744531	0.6336790076056972	0.5370457173336184	0.6100667732318735	0.597556244805608	0.5053454013828484
CAC	HIS	H	4920.189799273137	5115.485221172657	5306.131514980985	4842.008285790935	5161.5007008619705	5302.112650570676	1.5609739210891933	1.237118554092541	1.787178011108449	1.1422524854425418	1.2598244327219845	1.730454520421239	0.3653426234604898	0.4136790259667035	0.39306939377541444	0.3956825149877332	0.4146575702364166	0.38378349669530465
CAT	HIS	H	10948.035753092401	11291.438885658712	11733.614462421396	11697.1338889667	10941.432305235907	11831.498664993494	2.2068203493433582	1.6253690637194058	2.555229630318248	1.5879899387682188	1.654033606233697	2.434464745883435	0.5165016052110127	0.5435057851905438	0.5619935761873149	0.5500884093096005	0.5444072510709882	0.5399202242709942
ATA	Ile	I	40157.20901316883	40627.31128488713	41337.726775336014	44193.42427353959	42732.022954091175	41978.42677830972	3.832526151285439	2.8396806657501314	4.3499659870920775	2.8136133108511867	3.007391298056948	4.205412420187309	0.8969945875934657	0.9495584137655101	0.9567253417746977	0.974651055899639	0.9898502807316413	0.9326843696952326
ATC	Ile	I	44537.84699043931	43737.0035997494	41984.54625440574	43056.36570872124	43247.667620728644	41036.93009325955	2.8360829718822793	2.266518298168078	2.966267221591475	2.1739051655418176	2.3038391018926405	2.8557362625789526	0.6637791825350359	0.7578991349051776	0.6523966002937199	0.7530526518514457	0.7582836936591347	0.6333506229480906
ATT	Ile	I	81121.00231227849	81380.8684770427	81034.09118947842	81190.37578697818	80654.77366833262	77013.78610215445	3.079530875114968	2.4433563057928573	3.3710829182743334	2.3479677199160816	2.49566104549578	3.1607069729194146	0.720757646070753	0.817031846564952	0.7414311897396884	0.8133488737093603	0.8214198092849043	0.7009876074645182
AAA	Lys	K	111883.9105969294	117569.93656294058	113984.85729784476	146620.08438109845	136822.17136855828	143425.26718947708	3.3944331360374203	2.7039381928414845	3.7802161409426844	2.8867903993128263	3.023226713404739	4.0448198536190265	0.7944598499222897	0.9041676031682582	0.8314153697195481	1.0	0.995062336222272	0.8970678446646609
AAG	Lys	K	77325.30503956323	79387.30980104285	77486.4377418806	80357.93459929993	75009.45553814364	74219.49268974861	2.73999167426963	2.238532308849618	2.9728155665405946	2.173186970259889	2.2336873689926935	2.789577264141495	0.6412892188737391	0.7485409236297293	0.653836833982465	0.7528038650735419	0.7351940104011935	0.6186777543701831
CTA	Leu	L	30802.47098528552	31411.30845229778	32992.51287887401	30348.64974699589	31615.98529947261	32549.218413911403	3.226065247725756	2.5409568396940445	3.7153730719452716	2.340994272369322	2.57585019549231	3.5048151624756545	0.755053704059606	0.8496684064682102	0.8171538772084902	0.8109332332983281	0.8478131996917265	0.7773045766023357
CTC	Leu	L	13556.730330535844	12614.932862624019	13774.835220467647	12130.952195221527	12991.464912235433	13465.279983993358	4.045577538208249	2.931659972722291	4.500109513383746	2.721775228903192	3.038228464040092	4.164948958859684	0.9468588111904646	0.9803152963548638	0.9897476957270975	0.9428378414834293	1.0	0.9237103062376556
CTG	Leu	L	23669.1241397466	23344.304795402844	23625.2365474124	23418.3669781917	23814.210000533738	24639.844837753662	3.430307846340087	2.5978527482086404	3.8172946433046375	2.4361143220838137	2.6343152655457676	3.632052599904726	0.8028562495038509	0.86869378114871	0.8395703628735169	0.8438833393181951	0.8670563444207814	0.8055235376156492
CTT	Leu	L	25146.559999253444	24757.215384916457	26039.685664461995	24629.750648543122	25535.048379710977	25071.395552474052	3.375377181107845	2.5915644703147134	3.8824639428152667	2.448528745257294	2.681126457340506	3.6430391677526957	0.7899998442345214	0.8665910492273737	0.8539036060603687	0.8481837634766084	0.8824637413130121	0.8079601595410538
TTA	Leu	L	72603.79233481291	74405.48800544078	75539.28288947583	74976.96286921516	73647.74016940704	69141.64372426654	3.3753506431805165	2.670979933425738	3.781312654025921	2.55990176753099	2.742524025076601	3.499779496065324	0.7899936330891202	0.8931467187044688	0.8316565352499069	0.8867639881788268	0.9026720859002562	0.7761877569226846
TTG	Leu	L	82459.99022580049	82333.8971720195	78902.68096509075	79316.42990737795	79398.82167149965	71459.01177131593	3.055658127391999	2.486752761243755	3.226047958340451	2.3320816767333494	2.4809805853044917	2.9432436167599954	0.7151702802829669	0.8315431505640286	0.7095324066172983	0.8078458613720205	0.8165878947778015	0.6527581704899814
ATG	Met	M	38644.19985116127	38699.08073997049	37427.950866841325	41324.32641712216	39153.058885256454	37945.32424725111	2.8203327872691046	2.222424667775254	3.1218576083777902	2.1871666358167756	2.292602112967353	2.98429604775864	0.6600928853529862	0.7431547031674941	0.6866169290081761	0.7576464977635405	0.7545851604321946	0.661862856762041
AAC	Asn	N	51329.30316931502	51451.861686496595	51574.26350099269	47728.152830999694	49891.18083839795	48906.49885446432	2.741803491764063	2.173899851550473	3.046323892557158	1.9861902967540448	2.195334895643666	2.8608656832093784	0.6417132709015819	0.7269285309508746	0.6700041508167044	0.6880271935319028	0.7225707090915783	0.6344882356170943
AAT	Asn	N	74918.83846764815	76770.68647416051	76910.50329839464	76590.93567206933	75576.14673728896	73929.96823449383	3.2938596820245394	2.51731929285374	3.734063373228851	2.3701357162948886	2.572629837535792	3.5226553692521003	0.7709208470964704	0.84176426719167	0.8212645955305334	0.8210279890286033	0.8467532537414355	0.781261211612174
CCA	Pro	P	50943.77649588089	50561.87897725392	50568.62665314874	44800.259309457564	48253.666592623245	48239.625627069865	2.945067435303555	2.402674347902201	3.194076974049314	2.160610528548713	2.393416328189239	2.9654899875250424	0.6892867642087771	0.8034282411069692	0.7025007537345918	0.7484473168065913	0.7877670677229414	0.6576920129343998
CCC	Pro	P	11555.240241872556	11475.27091582064	12929.697832931697	10013.630583396327	11076.701644867091	13081.791452712077	2.999024199811201	2.3075147628837	3.622778882861221	2.0419311956354664	2.3119811406527013	3.3295473282545376	0.7019152300866108	0.7716079080341014	0.7967888427551957	0.7073361460955147	0.7609635575523306	0.7384333427838247
CCG	Pro	P	12766.609381830858	12804.900466535091	12929.814806565353	11801.289045378435	12841.075392741972	14235.082027779881	3.8970114108152805	2.93757753304315	4.402388425796851	2.6207615024158195	2.9883815203029958	4.357233556100361	0.9120872253197412	0.9822940643407889	0.9682550584978428	0.907846133560534	0.9835934182280643	0.9663555501425412
CCT	Pro	P	23699.619731295592	23107.682461301585	24756.357528246153	21074.697800881357	23183.675721536834	24832.060183198217	2.7072903508448243	2.0624493449930013	3.0749419361875736	1.8852042043904962	2.1070322386200884	2.9155876697426577	0.6336355437359045	0.6896606904163759	0.6762983626920334	0.6530450582208017	0.6935068457025305	0.6466245819295897
CAA	Gln	Q	37959.319452343305	38284.22459186232	37397.55757185075	47440.96269782632	48219.3975427428	47547.49087750968	2.2761479554082453	1.746622774390361	2.486209119256133	1.8832504742894811	2.0341445915521112	2.633626391797368	0.5327275838361444	0.5840517108492232	0.5468133030009701	0.652368275416799	0.6695166659215622	0.5840906731180606
CAG	Gln	Q	25327.31240349998	24087.977002597512	25200.28254576246	26864.463155935347	26665.27902289102	29926.44330600892	3.2562757011442502	2.3892062093431377	3.5821297151048275	2.3881645618219705	2.5556142440953633	3.6446770559017074	0.762124396374659	0.7989246416562401	0.7878485225251081	0.8272732798302401	0.8411527554109703	0.8083234134917388
AGA	Arg	R	56891.405440184855	56974.14888828151	55220.94656795151	54991.458014437674	53608.53731392924	53317.579818549224	2.9847020324319216	2.3943748219492123	3.2213829522781188	2.274441972637839	2.373634594373666	3.0168946878599687	0.6985631572984023	0.8006529696498724	0.7085063918087666	0.7878791522859605	0.7812561242406766	0.6690926452008347
AGG	Arg	R	24832.117511620727	25009.28950957118	23703.155038458204	25430.43694579517	24971.205756953732	24596.77960502095	3.8291622994018084	2.8979477994868112	4.225914608389767	2.777461440126165	2.964293181024897	4.0053378285329675	0.8962072852205725	0.9690423112871523	0.9294416577094048	0.9621278499427302	0.9756650021911522	0.8883114460044691
CGA	Arg	R	3507.829382390207	3634.611175039413	2905.356578718515	3124.2048624658682	3714.886353229902	3305.0487433434405	4.2726301856153555	2.9076889400315302	4.546723910357613	2.5462142318385235	2.9553590717819427	4.508934165543575	1.0	0.9722996430271165	1.0	0.8820225508733249	0.9727244368753121	1.0
CGC	Arg	R	4763.85970402188	5044.386890097228	4964.086737249235	4639.2073908488455	4866.681404662644	5366.33256422118	3.287687856467826	2.5921823690119363	3.7267918447817077	2.3597189170136548	2.5817938486273975	3.633265107800393	0.7694763444625912	0.8667976678496292	0.8196653058902326	0.8174195527238015	0.8497694887613062	0.8057924499242237
CGG	Arg	R	1387.5265984392702	1208.4671866071046	1302.425136323323	1296.1148860989247	1182.2504401699423	1258.654797319642	4.092998815455074	2.582194843177574	4.082837417941451	2.277882049382996	2.4276189736549125	3.637730628091451	0.9579576601866818	0.8634579475412494	0.8979734636274239	0.7890708137054996	0.7990244981204541	0.8067828215125212
CGT	Arg	R	10170.288570372293	10269.270735358925	10170.02763659453	9816.94367111522	9909.03889816224	10299.518030872852	2.1819971187239418	1.750941301851479	2.382297408431607	1.6568681301460286	1.7729538196747612	2.3212797004446366	0.5106917809245606	0.58549577959091	0.5239591088881912	0.5739481919229158	0.5835485516178633	0.5148178294958082
AGC	Ser	S	24595.144650868515	23842.919315513715	24582.348179466135	23249.209959299136	24286.605162343138	25482.065903916322	3.6659926443387265	2.7277107099317828	4.109386188476452	2.56330870554566	2.8415356455297927	3.9464249502735513	0.8580177747844893	0.9121168750324289	0.9038125625167411	0.8879441701606849	0.9352606886419771	0.8752456357494387
AGT	Ser	S	34945.438718358826	35159.45689777998	36146.62373415036	35882.407241967405	34744.39993911909	36728.57546367977	3.5047075236544805	2.697518558982659	4.004278689946866	2.575169171951156	2.733412000560073	3.793098777618483	0.8202693356082544	0.9020209472370245	0.8806953685542603	0.892052700661659	0.8996729616986444	0.8412406653893127
TCA	Ser	S	49188.10391935164	47550.49537676669	47552.44469990498	44553.73519845409	48039.67377667151	44653.18639414204	3.7061561120668807	2.78937615866526	4.104302149137319	2.546800914510923	2.881976949827315	3.790593072507813	0.8674179489122132	0.9327371322288595	0.9026943861243828	0.8822257809632336	0.9485715060397396	0.8406849453413648
TCC	Ser	S	38066.57186806267	36273.87428313853	39540.135110260526	32096.853326154887	35044.6071767671	35811.09887766719	2.9774401148269587	2.3294293785729856	3.3207470488167066	2.098793783178898	2.3524607086505407	3.0111072797164034	0.6968635209410571	0.7789359178216744	0.7303603900936048	0.7270336577530867	0.7742869690327205	0.6678091028089781
TCG	Ser	S	21133.37627963506	20904.345929596162	21587.20564813234	20166.518345309654	21423.34404990015	20652.254918546612	3.5608047648921755	2.72333844835802	4.107154803678148	2.5498189841079344	2.7916789223221463	3.7440636183006912	0.8333987755084259	0.9106548381863058	0.9033217949130119	0.8832712567960926	0.9188508880632053	0.8303655544390334
TCT	Ser	S	59946.211257320814	57940.4547485762	60346.600409272876	52080.20169712535	54318.40176045157	55570.789984769064	3.0019636064560475	2.3567400751912224	3.3086572953162388	2.121652409545987	2.304556714486702	3.03449953501715	0.702603191954863	0.7880683185427934	0.727701386877481	0.7349520110815897	0.7585198880739246	0.6729970817064093
ACA	Thr	T	27347.105267163635	27619.786779166996	29861.098281234623	27115.480062776096	26676.85900601579	28974.586143674635	2.8865426712226765	2.1730752776685285	3.361222228864771	2.0115341292860607	2.1877037072343604	3.074226646543728	0.6755891677545102	0.72665280238857	0.739262443714204	0.6968064358828711	0.7200589860596777	0.6818078361037933
ACC	Thr	T	20719.44436116775	20481.06082286921	21979.350423011343	18826.650997566616	19438.109067738293	21404.056450104206	2.21811844140539	1.7789508227976385	2.5342269598767833	1.6234070016009843	1.7828220735337332	2.359353665134943	0.5191458996084237	0.594861859587423	0.5573742786765029	0.5623570737894311	0.58679658051884	0.5232619458418087
ACG	Thr	T	15874.375911546565	15210.153401575355	16870.72424529101	15873.957303633497	15464.462895086392	16744.89402371103	3.410910165781385	2.464779355303088	3.877436048101818	2.4029605364265056	2.5548427052843867	3.6026019844472956	0.7983162636600005	0.8241954819540674	0.8527977780372519	0.8323986864437779	0.8408988117658138	0.7989919240732546
ACT	Thr	T	31106.535723854475	30084.035411029792	32267.590687466287	29643.620267774564	29079.718887025832	32229.15612834422	2.2934849018546393	1.7677773775431773	2.5849227499372174	1.6790495761979363	1.7877609053870547	2.4520051832276493	0.5367852592475951	0.5911255806881478	0.5685242387488414	0.5816319662825602	0.5884221435440622	0.5438103758456734
GTA	Val	V	28036.372498248893	28976.963551495184	27967.26099193908	29439.15903711373	29978.366689761446	28558.42714048853	3.4587185416048474	2.652353643157454	3.825890696571694	2.517458443399498	2.8001463375454367	3.6468429498772226	0.8095057122540816	0.8869182892705503	0.8414609666217397	0.8720613883151183	0.9216378460959895	0.8088037695794515
GTC	Val	V	23571.20715746626	23086.7943977485	22224.983459812047	22883.38773119404	23012.72138338188	22540.873912083083	2.250019774481315	1.8308322282116178	2.3595905573640565	1.7563425996771849	1.8867525935379093	2.272265515330956	0.5266123387080038	0.6122104388213524	0.5189649963106002	0.6084066928084789	0.6210041857843025	0.5039473702444318
GTG	Val	V	22579.10556259781	22879.857676921783	22638.095994299485	24145.421142463056	23146.53222651334	24106.256233780456	2.926650105327001	2.29648275388154	3.2582176157598566	2.2392118281056343	2.3703566028175462	3.203489200502386	0.6849762273318529	0.7679189238834943	0.7166077553856988	0.7756752373288542	0.7801772088151523	0.7104759313149539
GTT	Val	V	45883.808823026615	46731.13058671908	46584.60349101759	47229.34480125514	46384.22210196761	46074.35765146432	2.441667136176384	1.9929687217126868	2.6986793819382218	1.9215323976262313	2.035645664090565	2.56753177216296	0.5714669957621733	0.6664271236195028	0.5935437108443127	0.665629343260818	0.6700107276934862	0.5694320825936102
TGG	Trp	W	13961.081272791474	13914.900645582886	13550.937931268632	14119.467586177114	14405.180934114374	14379.442315015755	2.434789199998513	1.8364657048413469	2.69241762989641	1.7531000231161056	1.9110083489140852	2.571431029151601	0.569857229440476	0.6140942123023039	0.5921665099926077	0.6072834465340521	0.6289877050170603	0.5702968672290654
TAC	Tyr	Y	49727.32313932077	47003.51722170995	48264.59628403063	43404.42079144788	46897.699433129324	44988.774076502144	3.3841924009337667	2.6781104906677657	3.633834985998391	2.438861650359492	2.7058446476534344	3.344144360105712	0.7920630276702421	0.8955310997039484	0.7992205063783121	0.8448350288749888	0.8905994659978042	0.7416707002867845
TAT	Tyr	Y	60800.0451681389	61844.1112378101	61966.19014047185	61217.20546791069	61334.34037566299	57730.602868332426	3.765641345728905	2.99052762271809	4.165794295157772	2.858346428907442	3.0374060503968203	3.9123477140371663	0.8813403412274418	1.0	0.9162188813945643	0.9901468529159044	0.999729311454683	0.8676879214459572
