Codon	AA	Abbr	SRR1944912_density	SRR1944913_density	SRR1944914_density	SRR1944915_density	SRR1944916_density	SRR1944917_density	SRR1944912_absolute_occupancy	SRR1944913_absolute_occupancy	SRR1944914_absolute_occupancy	SRR1944915_absolute_occupancy	SRR1944916_absolute_occupancy	SRR1944917_absolute_occupancy	SRR1944912_relative_occupancy	SRR1944913_relative_occupancy	SRR1944914_relative_occupancy	SRR1944915_relative_occupancy	SRR1944916_relative_occupancy	SRR1944917_relative_occupancy
GCA	Ala	A	42611.416352098575	41213.150217338785	42286.94786716323	39129.98390437322	40166.70410163726	42333.38712269118	3.3178709298527274	2.560141024806733	3.670423389216494	2.3720892279566694	2.5746236844841524	3.4648377085194944	0.616939574234201	0.6665157975808351	0.6556482099377124	0.6347863828427333	0.6292837876100068	0.6021184457731222
GCC	Ala	A	31356.79060124017	30364.212998117666	33922.0073381831	27547.182875715225	28455.133969363622	35486.547575769255	2.600281167695511	2.1081866970851673	2.9212889543733294	1.9445985370404648	2.0514118642753676	2.902785077772536	0.48350776458880723	0.5488524750167237	0.5218302278894703	0.5203871156535331	0.5014015196391528	0.5044451101257049
GCG	Ala	A	17435.47967662529	17504.205327003685	17328.462353624054	16007.813897479142	16661.962218278648	17408.43674031289	3.556809399556363	2.8087620871315284	3.9680472529480317	2.5360921890809793	2.781165451223276	3.7229334346263663	0.6613688485741993	0.7312426481899008	0.7088127996315414	0.67867463343661	0.6797662662947703	0.6469702427510992
GCT	Ala	A	50017.82712504465	49152.3998594288	49972.93295986577	47195.89650858933	48438.59821349376	50773.523651396616	2.42205351435982	2.007531443368273	2.642113405935591	1.8815139733929727	2.024432574643447	2.5445285983460266	0.45036732757652037	0.5226475448735174	0.4719610631687608	0.5035052793806628	0.4948073017466828	0.442187407824083
TGC	Cys	C	10154.079578052539	9804.70285416821	10479.053112638929	9303.182585618559	9482.198422519965	10476.763174011012	3.769146094303095	2.789389147700771	4.198338586794443	2.5906941201945304	2.765295544625245	3.9282951533599593	0.7008516713906858	0.7261990314316594	0.7499497707080033	0.6932864625108712	0.6758873790642945	0.682657939926966
TGT	Cys	C	15240.388092817491	16183.372344398096	15730.738308546812	16218.015277797207	15565.539813771718	15587.90134355953	2.8041192443086462	2.3115801091841304	3.1625931460689207	2.1960751899522286	2.310798665939982	2.9787696051136114	0.5214103168149747	0.6018046057682169	0.5649344272035046	0.5876838905766103	0.5648002640813947	0.5176496782337341
GAC	Asp	D	49753.96168617366	48183.09625158456	48658.29020702453	46537.54760831399	47921.258251978004	49124.38953363858	2.8701448910397263	2.272465983661961	3.1339875181646613	2.1330864742317455	2.302246372903099	3.0019793164042157	0.533687417173613	0.591621501667124	0.5598246001506709	0.5708277038274476	0.5627099316621624	0.5216830548201119
GAT	Asp	D	95102.52868918538	93292.93268901951	94405.92419662415	94136.18575419602	92671.9051401267	91205.10262770994	3.183454799798667	2.4491476606379163	3.495221184621405	2.3362333288875767	2.4911132802915703	3.25790686292945	0.5919456453566114	0.6376194086989986	0.6243518172225299	0.6251911128986722	0.6088723605840491	0.5661580662082061
GAA	Glu	E	95500.97534588403	99029.03831535082	93635.72253964309	107220.08124563214	99201.10488755256	96322.38184878018	2.6660611190609984	2.1521501785402446	2.8926698344035553	2.1323326222705914	2.209526357831315	2.8157852504905336	0.4957391792660417	0.5602980768888601	0.5167179907472096	0.5706259681785606	0.5400475120537142	0.48932630653592496
GAG	Glu	E	42118.33009554116	42760.928148389954	41133.37123288558	44363.00797184547	40746.03127897357	41048.02264997004	3.083558832677441	2.3948993642335457	3.428638095597698	2.3046915669305146	2.390497581635293	3.231873289502404	0.5733705480347216	0.6234962232201477	0.6124580713242301	0.616750333881916	0.5842800955765379	0.5616339597165022
TTC	Phe	F	41059.9031291346	40607.163938444646	41377.6196365401	40194.32431250455	41441.75315768037	41705.790629218376	2.7362323823227106	2.1738310459552808	2.982385731334878	2.080128567639836	2.265195581179577	2.8910155711367236	0.5087871338717015	0.5659425474462849	0.5327439531467502	0.5566558263229242	0.5536540596563867	0.5023998088333393
TTT	Phe	F	56183.44613587952	58540.81107823511	58237.5990320879	59508.50397591252	59637.13366738978	57129.31603526919	3.241789056366022	2.5353317920413647	3.662742077489805	2.442075836175005	2.6314756946295628	3.4463000564196893	0.60279257465881	0.6600568777776863	0.6542760962196129	0.653515250776853	0.6431794293277262	0.5988969782154435
GGA	Gly	G	24519.697371095222	24909.69576323625	24176.474462028276	27074.172863159358	24430.62512772684	25595.535286892144	3.407406527389553	2.5845295458846493	3.7576118218881374	2.5938084751062807	2.6230003358091944	3.6570274734808037	0.6335882186784939	0.6728651878763527	0.6712226910660709	0.6941198839800212	0.641107900998372	0.6355171248187426
GGC	Gly	G	22598.369956904233	21847.022476698512	23011.178363906725	20894.123086685522	21685.725323493843	23233.40603675001	2.94518049744614	2.284058805718611	3.254763559251305	2.1353217257726644	2.3060107745101917	3.1131456568069154	0.5476398692272053	0.594639616280511	0.5813988401619098	0.5714258715623207	0.5636300183201359	0.5410015077280146
GGG	Gly	G	14003.696732231623	14832.756951677497	14963.524986918206	15291.098915676852	13926.691941034947	15111.244440473114	3.237100492887569	2.5640029302813305	3.76820070181773	2.4839341968285984	2.5539504751577016	3.4754472034206794	0.6019207624583591	0.6675212191504448	0.6731141840724307	0.6647168181706351	0.6242308878229803	0.6039621605781856
GGT	Gly	G	55450.66123835942	52905.33605258028	56244.93645640736	54261.78713802197	52491.036287389645	56561.618619490626	2.3010482711577485	1.8522331706256443	2.4964463584734737	1.822394194392006	1.871538356593919	2.402379316152337	0.4278670782300198	0.48221666582544104	0.44594053943407624	0.4876844450611998	0.4574372374465268	0.41748474869180235
CAC	HIS	H	20616.120789138426	20422.45182631142	21797.619101936474	18861.375518814704	20585.4702317413	21506.472943213572	3.118457236293817	2.4923665885173807	3.577485491865497	2.296526910850445	2.5342201442498213	3.3682808055150466	0.5798597113336377	0.6488711709679714	0.6390467011819164	0.6145654192340438	0.6194084442793534	0.5853388164638619
CAT	HIS	H	36962.27450505993	36730.0409449704	36268.631735721756	35280.61142310979	36837.90603734747	35050.82870010301	3.5055267929685066	2.718126318727921	3.8347041378432816	2.5089326854721796	2.7754016452457977	3.5813659650662113	0.6518331342131417	0.7076462248360574	0.684993701545255	0.6714065750295133	0.6783574896730001	0.6223686908417554
ATA	Ile	I	40452.689198969485	40908.97722270473	40891.35676863863	39998.93458609408	42105.4106273875	38451.34633427792	4.106871999895379	3.0077918699143247	4.552589263932156	2.80911121469865	3.117533735183437	4.1840420385503725	0.7636499178593066	0.7830587368851828	0.813229615484751	0.751736286293732	0.7619806532119552	0.7271015560431067
ATC	Ile	I	35728.388273824756	35772.58797556755	35092.69874758406	33210.66338348578	36398.184158152384	32749.533301731415	2.5520277338446253	2.0606329479013565	2.8071913245007645	1.892237672126134	2.1307917198309556	2.574446450886834	0.4745353079849498	0.5364721706670447	0.5014489533466302	0.5063750103542243	0.5208033671654502	0.44738652316170663
ATT	Ile	I	61058.31842656169	62925.40403005223	59740.6790613146	60627.67646176335	64085.54378631646	56644.53581136329	2.748270172685857	2.2089164892776436	3.011426507778738	2.057477057785433	2.2732625230150214	2.797537327704627	0.5110254937773081	0.5750768107594738	0.5379315108401101	0.5505941361314515	0.5556257636157772	0.48615518805051317
AAA	Lys	K	83978.15448603556	87751.14588009017	82515.47281761019	106482.66286946433	100170.04340810011	92831.72384725863	3.053306954844225	2.367876787827253	3.3650941159663224	2.4747870609027895	2.614518398666252	3.3908654654366304	0.5677453802615324	0.6164610740265642	0.6011072019340579	0.6622689855767842	0.6390347648100633	0.5892635718129686
AAG	Lys	K	70190.82502410976	70264.22684107283	66278.46188825478	76350.24871774105	73008.39182767666	68830.83538342192	2.610877288502818	2.0966259911399407	2.752084951553161	2.107667321400719	2.1967982135065496	2.663010615677716	0.4854780540899978	0.5458427216207123	0.49160529474162973	0.5640253745177559	0.5369365273617746	0.46277717684916786
CTA	Leu	L	35847.519342344436	34146.817368296666	36889.94257728194	33633.217993099795	34426.968416874304	36278.84011652306	3.43828115694844	2.6236509695195287	3.8620124138695497	2.487480067531972	2.6931837922924435	3.677157927885978	0.6393291836579676	0.6830501919928614	0.6898717824624894	0.6656657160498948	0.6582619851425913	0.6390153890778006
CTC	Leu	L	16017.538247461389	15614.809898163498	15884.43083811509	14199.745778214652	15623.285622919619	15281.80952701617	4.2965499590829905	3.2335493680189473	4.7359662606186905	2.967553976638381	3.347607804353893	4.396377884642166	0.7989194753125289	0.8418332096392435	0.845986272380114	0.7941365917097184	0.8182148448536123	0.7640012149553683
CTG	Leu	L	32144.407339161327	30927.07007096253	30485.106780875867	29137.498138599294	30022.56210422867	31330.432748289953	3.8686252664774736	2.952183091920822	4.218808023924145	2.7031726633824373	2.9590540217059598	4.021878401577657	0.7193492680193636	0.7685813590150973	0.7536062289389395	0.7233864464137432	0.7232453945574707	0.6989208084095762
CTT	Leu	L	32866.508815933616	32252.254315343944	31472.26512981025	30372.319564102192	32651.389590984272	30679.275749965196	3.8039940759182427	2.8925788623626856	4.135102500303541	2.6833041403041076	2.9815897718002256	3.9719414487267213	0.707331459000002	0.7530637917333763	0.738653900309772	0.7180695014402252	0.7287535324113309	0.6902427798937473
TTA	Leu	L	60888.13726400087	63503.399767205425	64169.3376643698	62894.55643241518	63928.65884215322	59683.36256346618	3.146673760413482	2.481667895080129	3.5224975388027557	2.37033829925436	2.577664563612484	3.289426949044653	0.5851064164480911	0.646085836831958	0.6292241959364326	0.6343178230244704	0.630027032514912	0.571635617210279
TTG	Leu	L	67063.59265189667	67601.46821470946	66043.48865635689	66756.9576421967	66830.34664311673	64238.16411784195	2.7253867863574053	2.2205915387678434	2.957347691937887	2.115775787341427	2.2473802550061115	2.793206544823113	0.5067704558578137	0.5781163327418004	0.5282714048954458	0.5661952523217789	0.5492996773054792	0.4854025859153002
ATG	Met	M	48766.449384700965	48979.06937116968	48311.55420805995	47459.83251670448	46195.937440540685	46577.11163751443	3.20073834239308	2.5463514099906255	3.533354363201927	2.391164475851697	2.5064259910227706	3.2944625574702524	0.5951594236002181	0.6629257624896299	0.6311635518984281	0.6398910422587466	0.6126150592415568	0.5725107037147028
AAC	Asn	N	52454.99762431705	52844.881725708074	53875.69476127522	52000.41979009647	51588.61326920158	52829.025799953146	2.7886761097457233	2.214047332231778	3.127035507648454	2.1028112657243105	2.2510085203421584	2.950353278228144	0.5185387521689944	0.5764125918163376	0.5585827616031588	0.562725862686	0.5501864898392415	0.5127114975689405
AAT	Asn	N	72373.27344560988	77010.02823001682	75562.36305625654	77697.87626775364	74728.273109774	71103.9173649786	3.257269609145771	2.5023567255894985	3.736641432907553	2.3914397127655787	2.562961659628014	3.4570165968970534	0.6056710970132865	0.6514720371366884	0.6674767477405101	0.6399646974328137	0.6264333814644799	0.6007592953682583
CCA	Pro	P	39090.62839564657	37634.88996906595	40003.09204500586	37291.1193192497	37902.35410087582	42012.15969122643	2.6259994891607263	2.056101943240054	2.917165612557855	1.9829373242183186	2.1229054610101836	2.8507945776770325	0.4882899428682596	0.535292553545797	0.5210936748018293	0.5306468224758482	0.5188758253461484	0.49541021679275044
CCC	Pro	P	16399.337102261077	16243.317412747758	17292.17246161716	15093.00784671184	15819.484994189734	18276.11353294358	3.55811176009136	2.7117391340146506	4.043061132012429	2.5366399742372843	2.7748614268005145	3.8704179442913125	0.661611015244015	0.7059833635045091	0.722212538657168	0.6788212242789138	0.6782254506836002	0.672600056094655
CCG	Pro	P	15280.263194445633	14473.886806464243	14036.288330082834	13370.983299120404	13544.850024077094	15720.221270837763	4.276591993967432	3.1396717584521134	4.587022330092429	2.874244045382718	3.1339310560104336	4.587166988864244	0.7952084031336241	0.8173927943616733	0.8193803985952164	0.7691662520416321	0.7659884498537919	0.797156487602678
CCT	Pro	P	33281.48629030599	32114.353801779813	33745.79903755122	31448.309434268856	32355.509563798212	35796.619887920264	3.220269597513884	2.4722366283125337	3.587688607011612	2.3233089121061505	2.5527029241655392	3.51429608167291	0.598791151438113	0.6436304688538302	0.6408692849745635	0.6217324555756926	0.6239259641876095	0.6107133068543146
CAA	Gln	Q	69628.47080484616	69896.78220873934	66696.46123395815	76049.0344385261	74293.89044212345	70870.03623079456	3.002521380114108	2.393397555428686	3.231261142093801	2.406158148406192	2.5549862591004695	3.200995313044018	0.5583020861992681	0.6231052372222337	0.5772006003120335	0.6439034457780674	0.6244840518277157	0.5562679943357783
CAG	Gln	Q	36916.25893772283	35120.53584035193	35300.4587377571	34860.828783900266	33713.17211925888	36099.48767558684	3.754704936708994	2.81166726766087	4.135964702724909	2.702389828209323	2.8294731111421636	3.9085629791670464	0.6981664187675679	0.7319989927423562	0.7388079156410372	0.723176954670327	0.691573516957278	0.6792288886823588
AGA	Arg	R	42358.11212076509	42839.93327893425	40954.2037364872	48322.13899329838	43896.02646283415	44019.3823538346	2.5626542513621566	2.069362055788535	2.7311906459811404	2.1138293522877682	2.1365795309240276	2.720772751952197	0.476511249584688	0.5387447362207454	0.4878729422052889	0.5656743737424287	0.5222180110641174	0.47281506336622126
AGG	Arg	R	21122.715224016847	21198.407290268464	21103.782542569483	22979.583713328906	21747.660369267996	22774.9665344438	3.6280857478558652	2.717744524393393	4.092259558380741	2.6602898487299034	2.8207082191009074	3.9705311252517084	0.6746222875724474	0.7075468272040816	0.7310008599922229	0.7119107285197557	0.6894312215628271	0.6899976943081442
CGA	Arg	R	8228.265351555492	8073.951815809877	7327.991053221717	8897.393838966604	8542.750280632567	8637.372658148706	5.377951210166988	3.8410807877306743	5.598159704523848	3.7368306757524583	4.091355498387244	5.754412163989811	1.0	1.0	1.0	1.0	1.0	1.0
CGC	Arg	R	5769.255795853185	5471.209748676914	5434.068230458643	5687.855804612658	5756.873836051613	6569.399781955281	3.5900782799335316	2.6028590621678944	3.824115573862521	2.550607984131237	2.79324300633266	4.020440503032607	0.6675550111251488	0.6776371563134119	0.6831022649768763	0.6825591538523857	0.6827182354194637	0.6986709308366681
CGG	Arg	R	4311.924301540807	4523.515990360146	4165.789165533804	4177.076700523371	4100.031405768507	4374.289965912668	4.807050503389974	3.618812792288117	5.43127661738436	3.1837474851550085	3.445404542662611	5.110151829337229	0.8938442011713068	0.9421339962042626	0.9701896523236679	0.8519913695350728	0.8421181058504307	0.888040634509245
CGT	Arg	R	14582.046984217859	13009.013572908945	13657.15130493898	14067.201045378508	14846.518944358297	14220.293525686011	2.664847767583673	1.9642176616199525	2.7814972107818696	1.9961971115905361	2.182028063544723	2.7431121770227644	0.49551356333352237	0.5113710880266125	0.4968592104534199	0.5341952271328367	0.5333264401993052	0.4766972018773213
AGC	Ser	S	24435.973800464406	22557.90008520752	23442.34306133773	21585.00859432022	22822.377183778794	23783.750571492666	3.6762409809635033	2.72076951938337	4.0599832111773	2.5346416855707163	2.8047655381318415	3.8453921700068983	0.683576484296397	0.7083343646595913	0.7252353318710157	0.6782864693381736	0.685534546982642	0.6682510846321968
AGT	Ser	S	33379.63216098852	32443.677361257298	33297.74435642412	33316.5837119476	34382.28523871525	32686.845350303003	3.4472407478042464	2.5936267776206967	3.910940140524327	2.524748689902061	2.7616293364429922	3.6282434621270956	0.6409951695521625	0.6752335920414269	0.6986117486723206	0.6756390398646229	0.6749912926245564	0.6305150480586117
TCA	Ser	S	47101.128800155886	45791.173516417286	45609.37519207683	44309.66701978115	45714.38939693121	43520.732205869914	3.6953655107607	2.7644997293176337	4.057412613831228	2.597893235212309	2.8388740853835444	3.7943096953679087	0.6871325838312983	0.7197192358328165	0.7247761457309714	0.6952129921405097	0.6938712821466111	0.6593739876875853
TCC	Ser	S	32780.552823605765	32403.886056138967	33362.707608772376	29335.000736313326	32081.505374334276	32474.103571074556	2.8077561305015646	2.24777234018722	3.1092924146106595	2.030525419555155	2.2777071618270694	2.9182336063151113	0.5220865754961698	0.585192674771939	0.5554133105738398	0.5433817038408578	0.5567121123365862	0.5071297507288319
TCG	Ser	S	23432.86030645934	23675.90097909863	23427.033281716886	21928.00078162311	22028.867904077422	21480.9178595508	3.777665695060348	2.909659700024411	4.280473831850335	2.668938751414692	2.9038845114787004	3.894998705267597	0.7024358435827182	0.757510674942989	0.7646216002718363	0.7142252306835571	0.7097609857230376	0.6768716932794412
TCT	Ser	S	55338.72999595235	55190.61314332508	55665.641084244344	52495.428732994646	54947.212761007206	52393.986896420254	2.884629378437883	2.305083454175545	3.2159940542055776	2.1544541054335813	2.3466672116595007	2.9552702857702213	0.5363807267318652	0.6001132445686979	0.5744734384063297	0.5765458198075176	0.5735671741515799	0.5135659736478088
ACA	Thr	T	44737.08143780567	44219.19840880181	45508.42998149518	41522.51515534763	43236.25642951563	44317.51994547647	3.554229080623315	2.7065245690293676	3.9469583678660176	2.4972944701598383	2.745856498762583	3.7282342008476883	0.6608890526756851	0.7046257859700975	0.7050456893318885	0.668292113518624	0.6711361307627659	0.6478914082968161
ACC	Thr	T	28959.009824492918	28889.99164147995	30111.75601708706	25978.982068346515	27875.62362771975	28768.387497156928	2.702912994632529	2.1774187248628243	2.9798867904094073	1.9808602415818921	2.1813618927709326	2.76379935605312	0.5025915797679025	0.5668765759413386	0.5322975670024873	0.5300909817603713	0.5331636162222508	0.480292213572836
ACG	Thr	T	20910.987336269984	21096.82584220857	19764.842438160274	19645.508240404106	18547.963877356462	19906.714079765712	3.78068836309347	2.921188845501048	4.12541065292429	2.6309773992773677	2.770006552771276	3.887270861114179	0.7029978918265564	0.7605122117795649	0.7369226443451701	0.7040665279134134	0.6770388331845458	0.6755287508670472
ACT	Thr	T	49858.19758758428	48363.66089875266	48683.622310416235	46235.206823105764	47315.89281812827	47604.40328775637	2.9214928857133646	2.3249524516273756	3.131988053938255	2.153579897671329	2.331751075208371	2.9934228314001365	0.5432352900841305	0.6052860067546163	0.5594674355944703	0.5763118761696845	0.5699214052964879	0.5201961114520952
GTA	Val	V	22679.09375479157	23289.028416712335	24077.69249191751	22529.262476495765	22448.593081373052	23732.812721173756	3.2580223753471587	2.5166445230940497	3.816403945461644	2.307380425696002	2.524015412792113	3.5517528765599753	0.6058110696854008	0.6551917707986802	0.6817247357873025	0.6174698898368955	0.6169142265410681	0.6172225373055957
GTC	Val	V	22605.47865396808	23022.881843268588	23731.41552083727	21998.38148399335	22033.741647281448	23554.75384533679	2.252663542996321	1.8749801973506464	2.5133886380890984	1.7614205688200297	1.8623735649802593	2.3981626802419864	0.41887020818219256	0.4881387039136951	0.4489669410570835	0.47136750943775246	0.45519719948911336	0.41675198298260663
GTG	Val	V	22628.356301657557	22138.33214771162	23443.637928530847	21466.18528447679	21097.91156042348	23385.421568874262	3.0251813237510103	2.321066486444917	3.452162852088182	2.1558888505048497	2.331260945903147	3.210519161020629	0.5625155761978504	0.6042743213990591	0.6166603016520776	0.5769297668460008	0.5698016089831591	0.5579230457476687
GTT	Val	V	43767.39872123346	44089.18328155393	44153.52270274744	42480.20233255095	42729.1006194302	43261.646305174	2.4541549131565246	1.9944441907877468	2.664988091667518	1.8548686722797552	1.9913827943995062	2.5321420137649397	0.4563364034461595	0.5192403651489123	0.476047171272008	0.49637482487917484	0.48672934805701473	0.4400348709136058
TGG	Trp	W	24213.532487324253	24883.495085592418	24261.526299316378	24761.639731310173	24915.622410865515	25997.696963502356	3.0704454079792356	2.477448734129074	3.3422683977567678	2.3749894236821576	2.533620338709123	3.333892916581477	0.5709321799302632	0.6449874061599106	0.5970298409057347	0.6355624939318192	0.6192618411447847	0.5793628995580894
TAC	Tyr	Y	31402.152279724247	31436.816326881617	34157.77643786472	30843.331057347652	31784.544069174397	34139.86923433899	2.6661701714827855	2.141910221903769	3.0761686273293156	2.043145936496267	2.2220738303393732	2.9357527933905745	0.4957594569549841	0.5576321718474497	0.5494964041207109	0.5467590356057153	0.5431143373425468	0.5101742297435774
TAT	Tyr	Y	36681.3225989508	39519.178281466295	39136.788560322784	39874.05754657908	39331.6025377251	38372.51172459154	3.073682134988336	2.440962216273397	3.4775891736558364	2.3126120836665747	2.4821155204925596	3.3318148584346217	0.5715340312454966	0.6354883823507204	0.621202208798297	0.6188699152660699	0.6066731481708141	0.5790017752438007
