Codon	AA	Abbr	SRR1944912_density	SRR1944913_density	SRR1944914_density	SRR1944915_density	SRR1944916_density	SRR1944917_density	SRR1944912_absolute_occupancy	SRR1944913_absolute_occupancy	SRR1944914_absolute_occupancy	SRR1944915_absolute_occupancy	SRR1944916_absolute_occupancy	SRR1944917_absolute_occupancy	SRR1944912_relative_occupancy	SRR1944913_relative_occupancy	SRR1944914_relative_occupancy	SRR1944915_relative_occupancy	SRR1944916_relative_occupancy	SRR1944917_relative_occupancy
GCA	Ala	A	25048.863153312603	24084.471764553393	24875.63693126852	23127.71511829828	24733.400940864758	26074.94480711764	2.6152498593978497	1.9306189791225166	2.9043358939017536	1.7959089236137817	2.0010842185165663	2.860977047083349	0.4384886636909622	0.42859201621225995	0.4411586793979354	0.44929515832860056	0.44104686920326813	0.46855455550259273
GCC	Ala	A	26177.1371282561	24832.466765811023	28645.861291702055	23196.189390250143	24804.52267010458	28588.44317151789	2.2902132220696503	1.8184290250300983	2.600150793473909	1.708743233167598	1.8616423499027754	2.4784085974441172	0.38399104839027276	0.40368616003701147	0.3949540040093057	0.4274883048880404	0.4103133303452399	0.4058996698044468
GCG	Ala	A	6633.154434024912	6150.640737983428	6718.9155278878225	7099.309327358831	7256.453889171816	7174.0786475397945	2.405059620748699	1.7443677646010858	2.7401776214876925	1.7383225581192046	1.9095931287294252	2.6116048953548576	0.4032468926093374	0.38724476726415125	0.4162235998079699	0.43488837251543594	0.4208818714799204	0.4277138022267192
GCT	Ala	A	48395.669020905145	46491.81236479621	47721.07197529862	44050.376606093116	46404.56501874064	48604.748168618506	2.313479086997712	1.8890663672665156	2.4963942234410244	1.771011804209107	1.922708308213824	2.428052161485588	0.3878919445074297	0.41936745254286967	0.37919373622806285	0.44306647097270707	0.42377250886394874	0.39765257901030804
TGC	Cys	C	11884.059327993506	11895.955058287607	11660.42806100571	10642.397887970774	11627.032980425472	11043.932577812813	3.8710290970662884	2.9784564492457704	4.208021674848687	2.6706142755259155	3.0207931879515386	3.917677395463928	0.6490402321529035	0.6612090052915844	0.6391840864040681	0.6681263442594707	0.6657947555272052	0.6416149309920269
TGT	Cys	C	25126.300647279197	25595.22498662198	23299.641598672937	24620.232258259202	24021.728448357655	22725.64693368416	3.5645198818668176	2.9045874928077597	3.696595525729484	2.750249358608043	2.8471883902284763	3.514637632799901	0.5976490368914585	0.6448103034671301	0.5615002052012311	0.688049212725372	0.627531572095983	0.5756073700304895
GAC	Asp	D	63156.412465515226	60745.21601046744	60347.2348151467	58331.981775701875	59570.12721012541	58370.03323674503	3.1968218498438565	2.5544666110373186	3.4364349874805935	2.3935979390932243	2.57645115739481	3.246567286097393	0.5359985532391365	0.5670844464965275	0.521982710091136	0.598823220308904	0.5678600161399006	0.5317043326850242
GAT	Asp	D	135765.72974757597	137663.06539105816	134475.762699683	130401.30603195485	130238.29301530094	128181.59036716673	3.6858807011884664	2.9825605639799413	4.046939802572542	2.757131808862374	2.9505061737455187	3.7932525558465535	0.6179971284122598	0.6621201072892889	0.6147163014631108	0.689771043680188	0.6503032198515146	0.6212373381414186
GAA	Glu	E	90564.29861182543	93350.86964603563	88564.22000251977	103821.28806962515	98919.06410963224	94569.19212602504	2.527751998767038	2.024437665814444	2.785301129116576	2.061500497788514	2.1431463755445064	2.748385367956786	0.4238182413426147	0.44941950238250117	0.42307770613814993	0.5157400692038476	0.47235792998205134	0.4501149304031117
GAG	Glu	E	46631.19411034764	46943.864246303914	43979.50388094788	48891.53989650228	48670.161070537295	46202.40512024583	3.166804353843643	2.4568935074215688	3.4518094247663353	2.3897326309449283	2.5694309508255357	3.3535896871776023	0.5309656376799657	0.5454234902648794	0.5243180344810269	0.5978562090013467	0.5663127348711322	0.5492318530886147
TTC	Phe	F	36446.46176950061	36665.10078741882	36411.413901906984	35337.42028256703	36378.62787858977	34511.575035356895	2.515110190428584	2.035253998746535	2.7839600811917564	1.9484682555451605	2.066615229142178	2.6103604141409043	0.4216986390319421	0.4518206980557639	0.4228740055493974	0.48746199869191237	0.45549016289611327	0.4275099881686408
TTT	Phe	F	54467.197207910314	56899.99264837897	53247.52033938805	54433.134732846294	53906.91024775395	49389.123894631266	3.131558512499874	2.4575645768746583	3.427584186635858	2.2956912290855	2.4512054496068547	3.1911303156058195	0.5250561060090411	0.5455724658074532	0.5206383037432076	0.5743292105092105	0.5402553672251363	0.5226251808289928
GGA	Gly	G	30442.551553449874	30047.088277499653	28870.53300191957	28485.60496340363	29479.606506935943	29117.500154782432	3.746314490948791	2.8714725035836826	4.033887522973253	2.6407346772414604	2.8671081994685803	3.901581154332364	0.628129824383377	0.6374588684341826	0.6127337048759719	0.6606511551418648	0.6319219767672002	0.6389787801300858
GGC	Gly	G	22971.71516465472	22300.733063788673	22450.998687847183	22210.992910446425	22052.129935752433	24192.245141762196	2.999701640722737	2.2936061980652753	3.2197043866122446	2.2175512091100664	2.3467202230235644	3.168597922955101	0.5029481826317543	0.5091741640665546	0.48906207378837224	0.5547803724890635	0.5172264104045603	0.5189349536621477
GGG	Gly	G	11942.09808183921	12304.248224072684	12660.397065043762	12055.860081670702	12184.749200462857	12517.109407339609	3.0080851591534534	2.3228711013918604	3.37610588401167	2.2165582058596622	2.367349757230009	3.203764885420939	0.5043538142124248	0.5156708907933885	0.5128189258086449	0.5545319458863862	0.5217732412628932	0.5246943988430712
GGT	Gly	G	69008.3739984531	68487.32580762738	67935.56072611515	68167.77813705569	66131.76239491426	68841.7468339288	2.5722519009412963	2.1632130703609405	2.756677516885049	2.0974700965247903	2.141433922508719	2.6570592008155005	0.43127936501638175	0.48022725423744683	0.4187298774320511	0.5247388365392823	0.47198049856607044	0.4351580499575784
CAC	HIS	H	20064.1617909312	19981.97367193467	20718.67901565911	18718.758779057647	19698.14554349473	21475.7147523689	3.067445618549335	2.487176210098913	3.42627402276486	2.284168246376772	2.4928050548588625	3.337848111962838	0.514306549100469	0.552146165602267	0.5204392943365003	0.5714464249333596	0.5494240846068021	0.546653787394175
CAT	HIS	H	42967.29038484033	43077.83474649559	43955.43863929416	41520.93643888086	44202.691249435644	42753.279610204714	3.753585252453947	2.931262571209553	4.167577381178929	2.747547408607786	3.0675011276499404	3.9542433971702473	0.6293488843844529	0.6507320963006601	0.6330407366551647	0.687373246902607	0.6760893700068429	0.6476035028659181
ATA	Ile	I	13804.331811079948	14918.204417524283	16792.599587439705	17454.632357098275	14183.048115439418	18438.759139258607	2.9067870732954195	2.0760095209468803	3.4955452929724613	1.992765424945573	2.1086898774069907	3.356162930334657	0.48736956234726314	0.46086831004990725	0.5309613631334218	0.49854413291240435	0.46476358163497117	0.5496532842234373
ATC	Ile	I	30289.13476583213	31236.654812904304	33510.4348193049	34062.39433062167	29571.68237006806	34236.593167200255	2.3233209147681313	1.8700104653319147	2.6559748608468654	1.8931966613284608	1.8816290640155295	2.565307445466826	0.38954208508264854	0.41513709558522405	0.40343348873164264	0.47363431547917123	0.41471848111476917	0.42013146909499927
ATT	Ile	I	55365.82613914048	59522.298018424925	60188.15500791626	64459.2962043629	55613.27848739319	60286.61613247665	2.536691383631471	2.0624496887881123	2.895331682120274	2.0542831348193924	2.0438544096800144	2.7687432778762124	0.42531707286318193	0.45785806521792716	0.4397909704539123	0.513934450781171	0.45047358834547796	0.45344903315062696
AAA	Lys	K	92562.51427676293	94787.96013246255	88765.24400004112	102253.09863074234	97740.59275366315	90371.23684939342	3.1749507538163866	2.449997677181177	3.4777168155477636	2.4322811282288854	2.5441353728372937	3.326018065194267	0.5323315125408721	0.5438926352291901	0.5282532784477385	0.6085008656275703	0.5607374895250509	0.5447163295907741
AAG	Lys	K	68537.22645143257	71912.99930364199	68636.5510245941	71558.3913511458	67618.5773240591	66350.33583174784	2.5825097573922364	2.144160508770148	2.81921264374411	2.043532894055624	2.1098498338188114	2.647025286513518	0.43299925948510454	0.4759976388267886	0.4282287491152652	0.5112449874890632	0.4650192406117957	0.43351475251815663
CTA	Leu	L	24522.786867618193	25029.187759494904	25572.326345637943	25730.59530799821	25312.206571823077	27197.290326174272	2.898331978208036	2.2130139486732894	3.2772428996075793	2.1415393514771712	2.306771764496772	3.2389294183844552	0.4859519297899287	0.49128291000165786	0.49780197693140776	0.5357639518003676	0.5084216122857687	0.5304534461339168
CTC	Leu	L	6938.951524777077	6757.271787521849	7208.3076718212	7259.1953984043375	7369.869207257583	8225.49349883309	3.2379615141283606	2.2397321138620647	3.620445842200502	2.187822603497389	2.4731104722340884	3.534805972854787	0.5428962790346215	0.49721426798144636	0.5499333289687837	0.5473429582694386	0.5450833207716044	0.5789104261033357
CTG	Leu	L	17569.106652821432	17812.968960469847	17831.542438169457	18902.491807349248	18555.632433007264	19803.889684510315	2.9527910340876358	2.2740928074134876	3.2960337223973117	2.190069726259906	2.397368531396287	3.312795196472117	0.49508286561722864	0.5048422458926287	0.5006562385834863	0.5479051367652931	0.5283894977106961	0.5425507633263079
CTT	Leu	L	26250.24538381093	25929.79803619125	25919.555400569563	25619.649411820265	26243.911198491678	26594.288534951615	3.4621795547099614	2.554911620474061	3.8410722288929406	2.4376450439410338	2.659496473296684	3.6266587392542773	0.5804900365246493	0.5671832373474356	0.583445721801149	0.6098427941226421	0.5861635319247934	0.5939535499815479
TTA	Leu	L	48639.648430237234	51199.38875843823	50094.85357705486	55631.42466314412	54849.92477490088	50469.859222206134	2.8128411074622504	2.1881015752142496	3.1679538087051706	2.1781224174129488	2.3462197268757325	3.0495383215834524	0.47161801154636646	0.48575243273767926	0.48120133817046334	0.5449161945369795	0.5171160990758281	0.4994360490288931
TTG	Leu	L	61688.588428997755	62648.11294546781	60396.646744735604	65768.60471425882	62972.42132354509	60359.75464355827	2.560755019883676	2.0799506289995953	2.755572896465718	2.0762258015045245	2.1504771138047705	2.65878577409736	0.4293517281623143	0.4617432250200228	0.41856208937198164	0.5194240019342495	0.47397365366260436	0.4354408183137416
ATG	Met	M	30959.506464045808	31381.222907373976	32263.49541977242	34400.99941439117	34050.87400115167	34605.17892875407	2.713841730719303	2.098797679733412	3.063959678990733	2.0981336554276147	2.28851898656843	3.0564545953677853	0.45501917520258084	0.46592721759494954	0.4654049858868694	0.5249048437339595	0.5043986279030694	0.5005687570287899
AAC	Asn	N	78884.85496252646	79746.87858358116	79389.89196701218	73339.70014380701	75377.79256133393	73368.37386902871	3.3876515916227112	2.745348340112268	3.7444529745784445	2.5143890614305753	2.729497123455024	3.424108548514898	0.5679942259143154	0.6094596567306558	0.568769587843195	0.6290423843888084	0.6015919518327851	0.5607810312835709
AAT	Asn	N	120151.58750559273	126135.34320283106	121107.90138706156	119281.65070854004	118443.05387587224	111742.18360265186	3.972215931816739	3.152595431212973	4.467113031133546	2.919919970344423	3.1464828487599883	4.105150022140039	0.6660058309821715	0.6998673724730756	0.6785391764341316	0.7304969022275828	0.6934972534420017	0.6723181319669105
CCA	Pro	P	66946.48754291909	64546.43666503259	66719.5475888949	53248.63414082342	58927.78709152578	60130.63719680361	3.4871594719720327	2.819976262179763	3.775865737911426	2.4041100790475154	2.7010032127022865	3.392228206973012	0.5846783210589148	0.6260268468031249	0.5735410790530497	0.6014531162479652	0.5953117813069447	0.5555598501924267
CCC	Pro	P	24737.921295648062	22346.412328481023	25086.418499021373	18335.289001654084	20560.20599882875	23632.35786053108	4.251232393134226	3.0985042052802307	4.6969516006405865	2.718352705953163	3.110469893922655	4.257315413534693	0.7127874242709502	0.6878592715310431	0.7134508682984703	0.6800694029386433	0.6855598558878203	0.6972389146766093
CCG	Pro	P	20536.823900077918	19429.404496961077	19005.273932716074	16359.696727065864	17136.883893277147	18454.79436614623	4.750595396733268	3.550046500449676	5.077551144193448	3.144885952915391	3.3894153269931064	4.741725171157818	0.7965136561481846	0.7881003987470119	0.7712626359957906	0.7867782233061505	0.7470405316114412	0.7765727908066578
CCT	Pro	P	68074.05835752355	63055.74811751146	67389.95015685233	52373.56598573868	57771.32715436695	62801.71410129124	4.548276766053554	3.5652916497518636	4.940974423114035	3.0622444007331273	3.448828556764787	4.527554906011913	0.7625916866324463	0.7914847792734331	0.7505170996291447	0.7661032053338936	0.7601354422291859	0.7414972023849976
CAA	Gln	Q	57252.79537618716	56316.71714049504	54888.582242531935	62590.93824919531	64571.69072984223	60794.97015630008	2.673740035314396	2.08033383105519	2.92489514241351	2.1266287798720884	2.307120577741969	2.927902627446546	0.44829548156900645	0.4618282948051021	0.4442815588630498	0.5320336692999638	0.5084984921033732	0.4795152465681849
CAG	Gln	Q	36271.54215893908	35142.03342185604	35323.298883127165	38162.432191812455	38641.726701145555	41208.16435584963	3.6148636793840025	2.7732033950328314	4.008999986735576	2.7732310291266953	2.978397310092921	4.107262469435825	0.6060899835257206	0.6156434010526627	0.608953373323022	0.6937986987703304	0.6564505365165085	0.6726640965752978
AGA	Arg	R	37917.711831922505	38285.05546742352	37683.650264605574	39944.896628503004	37801.93127606161	38072.650155413314	2.457561204998542	1.9513280054752047	2.6656044609609943	1.8972592680014726	1.9512688419997732	2.5505895461521613	0.4120496268630628	0.4331893621693196	0.40489619202240157	0.47465068634540913	0.4300673633695752	0.4177210552196608
AGG	Arg	R	8466.502401259115	9166.880996890493	9133.095898795715	10322.441201872829	8904.8861491901	10828.443714633955	2.724099871704992	2.010280920370722	3.1181617954235965	1.9421338103241448	2.0042507650664194	3.1801596812434525	0.45673911737812656	0.44627674446996574	0.4736381018140949	0.4858772660080448	0.4417447885757144	0.5208284727035359
CGA	Arg	R	2651.400834146452	2512.4551317985847	2943.0139982616442	3255.901200444198	2857.8924061539956	3629.4506017417534	4.155800680480332	2.704472693001706	4.731533759263094	2.7592383054611846	2.9554213093629738	4.924627682146205	0.6967867641409156	0.6003853773422603	0.7187037798024973	0.6902980407402487	0.651386535164148	0.8065275242162946
CGC	Arg	R	3513.1311480997438	3319.444626769918	3828.0323501798225	3828.4677603821733	3612.4027897203027	3912.256895421045	3.0416719896967477	2.1401964066859565	3.4737135664063725	2.1789799433023185	2.3625917525966664	3.2738551426117533	0.5099851860638068	0.4751176192459663	0.5276451986081355	0.5451307278160168	0.5207245582400737	0.5361733826876235
CGG	Arg	R	7264.439408612779	7022.6109554065615	7399.771776451756	6415.457119820546	6796.611355053699	7058.493888466848	5.96423596766238	4.504561228612291	6.583426847377007	3.99716954505953	4.537123735015821	6.105963571338104	1.0	1.0	1.0	1.0	1.0	1.0
CGT	Arg	R	11102.223160754076	10640.282867994036	10872.713759750133	11828.08237403431	11136.26677857213	11709.509411021656	2.333380235551508	1.8092642183292018	2.4823547396689802	1.8197049806206629	1.9033099946286327	2.469839572035785	0.3912286918564109	0.4016515985701403	0.37706118670673905	0.45524838516539884	0.4194970438958055	0.4044962835398192
AGC	Ser	S	12259.567738980493	12288.621361444437	13198.076318018839	13469.147587984251	12213.235296460889	13913.711672313279	2.7469342906073253	2.0467390675290535	3.2507577137977437	2.050722836172998	2.148704309722183	3.130898216092097	0.46056767463611226	0.4543703512183333	0.49377896787794073	0.5130437458445252	0.4735829206374268	0.5127607100030519
AGT	Ser	S	22231.365082107543	22590.962508823508	22713.756478458417	24552.60843195137	21706.544267285044	23057.172447752022	2.944161711310759	2.1724168197733924	3.312491830021645	2.153359799329185	2.226083916242954	3.2010512908166073	0.493636020988065	0.4822704608774168	0.5031561687879041	0.5387211563219081	0.4906376916862268	0.5242499817461417
TCA	Ser	S	40238.87298181422	38768.245375783314	40735.98045351369	41286.99483819137	42480.03905453881	41136.43353340163	3.3596787995169253	2.4603823935890916	3.8195949792324133	2.424226107579788	2.678438780235738	3.6109931121314633	0.563304137819637	0.5461980132406937	0.580183401104279	0.6064856844954482	0.5903384912261818	0.5913879226338268
TCC	Ser	S	36552.56565118945	35770.05347678441	37071.05233154471	35114.022524171865	36205.040703172475	37382.86502930254	2.8877046651279388	2.286649202632769	3.20628371661864	2.2130221544193525	2.3652603843452327	3.079313429102351	0.4841700899804849	0.5076297305292066	0.48702351996150745	0.5536473070437131	0.5213127352227667	0.5043124468604598
TCG	Ser	S	17946.534076095464	18043.318760788687	17750.185334684185	19718.869441523475	19129.550217696185	19998.020501573825	3.3784890956505014	2.5366678983254163	3.7670172611808543	2.5004906722702858	2.678458445490925	3.75973312682343	0.5664579862313303	0.5631331820317783	0.5721970257301063	0.625565326684947	0.5903428255261337	0.6157477166211616
TCT	Ser	S	68577.32792679132	66753.33061261372	66408.27309625236	66874.80282248485	68953.49791347836	66324.28353842767	3.1298127847561186	2.480153468794862	3.3800719242760913	2.409295054310079	2.5980971331378435	3.227930283663195	0.5247634067004925	0.5505871366652323	0.5134213537472193	0.6027502779530451	0.5726308747294466	0.528652070381711
ACA	Thr	T	45692.94152585418	44420.78127952057	47861.49273561203	42949.864469736	45502.10284101413	48095.8031262116	3.4373686546192865	2.6254968543956836	3.9073796012419	2.4624391967512897	2.7236982426082923	3.737918949732774	0.5763300904351253	0.5828529619530811	0.5935175846601367	0.6160457216018883	0.6003138555794302	0.6121751147155338
ACC	Thr	T	30612.222656961254	28661.993004945864	30326.662737256433	27315.31052262415	30644.5209278869	31215.83668889998	2.713368432632623	2.1249994813868525	2.9278492698644945	2.018273276387184	2.2686201456830695	2.8712138234823383	0.4549398191728654	0.4717439443134167	0.44473028070950904	0.5049256113946314	0.5000128447400959	0.4702310765429477
ACG	Thr	T	23110.105785875752	22490.05819066408	22399.753640708506	20925.998505778858	23360.76481168812	21708.23797048091	3.773078495653184	2.87633433823559	4.248009414130193	2.6660719207260617	3.026397825066475	3.892457947011101	0.6326172398460624	0.6385381821353765	0.6452580871043931	0.6669899514323343	0.667030039694503	0.6374846331024016
ACT	Thr	T	53401.62206216961	50845.21452097573	54354.838105197734	49780.66273079019	54124.95789528032	54048.791263927225	2.948085572605146	2.3175721099856754	3.2610294039595473	2.204049532045966	2.44411640981171	3.148412143293949	0.49429391938706563	0.5144945295148412	0.49533920244877006	0.5514025630386766	0.5386929148413863	0.5156290414297352
GTA	Val	V	15462.039131688987	15097.507794603502	15467.428649283547	16681.508063381163	16720.74642937566	16241.695489658077	2.7935030048218588	1.984686183068687	3.1285252122337273	1.9685518130022615	2.121922135707571	3.0010523816810935	0.46837566789241963	0.4405947843404283	0.47521226934878236	0.49248644342229014	0.46768002365273204	0.49149529744466225
GTC	Val	V	16714.587775405646	16059.819243788348	16420.185433043145	17300.13959210218	17663.37159117969	18033.162128773496	1.8606910581549199	1.4605146638585256	1.9821566191505486	1.520490384259288	1.5979167352252297	2.0616396626012916	0.3119747555669227	0.32423017242646357	0.3010828046096216	0.3803917665035255	0.352187162737729	0.33764362307675694
GTG	Val	V	19945.644300033655	19299.665911563232	19210.48439361742	20490.42089033006	20338.29190555194	20272.478484461884	2.788430630509388	2.0918779440237625	3.044450775533664	2.0587180639334934	2.1892671588322865	2.9482953002416936	0.46752520283034416	0.4643910556119141	0.4624416502397448	0.5150439681694395	0.48252313286859316	0.4828550425818514
GTT	Val	V	34108.100031769965	34021.10731122554	33846.59751724352	35418.70556396049	36858.37896247574	34461.81964210277	2.0469363278983357	1.6356301591935356	2.2374957041874475	1.6215128674614516	1.7718670782845756	2.176306892459916	0.3432017678369307	0.3631053228457104	0.3398679374828808	0.40566527118311224	0.39052650572651776	0.35642317007518354
TGG	Trp	W	13883.886802464356	14471.857911564699	15041.409141450278	16263.066111849477	14478.91142963171	15770.572788356985	2.4439160011378904	1.92240407964462	2.811478344196314	1.9715197129166537	2.006779130926086	2.6671017737792972	0.40976178916941103	0.4267683314933762	0.4270539354920414	0.4932289438043569	0.4423020504022221	0.43680276546340574
TAC	Tyr	Y	26166.882412308772	26217.87453919215	26951.61541664107	26944.149318533193	26554.881536729783	26358.464466119556	2.3757837672334094	1.888351666608481	2.637918705749346	1.8570645336365836	1.9879384291607862	2.5305745455183906	0.398338325330306	0.41920879099477154	0.4006908205869038	0.46459488713254626	0.43814948528263015	0.41444311220543734
TAT	Tyr	Y	37219.71837910905	38595.932153634494	38468.535313847824	40128.978871633204	38404.7145842093	35606.04510702274	2.971871477092706	2.310441912818587	3.425820225652135	2.2593873583488095	2.3852378476001057	3.1335074458349683	0.49828200849295035	0.5129116456766111	0.5203703641086348	0.5652468159979339	0.5257158470666633	0.5131880348163081
