Sample	Length	Plus_Count	Minus_Count	Plus_Ratio	Minus_Ratio
SRR1944912	20	533	0	0.0028	0.0
SRR1944912	21	1655	0	0.0088	0.0
SRR1944912	22	1229	2	0.0066	0.0133
SRR1944912	23	2567	0	0.0137	0.0
SRR1944912	24	1042	0	0.0056	0.0
SRR1944912	25	19136	17	0.1023	0.113
SRR1944912	26	35794	36	0.1913	0.2394
SRR1944912	27	85083	75	0.4548	0.4987
SRR1944912	28	591210	476	3.1604	3.1653
SRR1944912	29	4007791	3105	21.4243	20.6477
SRR1944912	30	7362717	6073	39.3585	40.3844
SRR1944912	31	5281539	4222	28.2333	28.0755
SRR1944912	32	1235116	965	6.6025	6.4171
SRR1944912	33	78941	65	0.422	0.4322
SRR1944912	34	2123	0	0.0113	0.0
SRR1944912	35	245	0	0.0013	0.0
SRR1944912	36	55	0	0.0003	0.0
SRR1944912	37	11	0	0.0001	0.0
SRR1944912	38	3	0	0.0	0.0
SRR1944912	39	0	2	0.0	0.0133
SRR1944912	41	3	0	0.0	0.0
SRR1944913	20	680	0	0.0031	0.0
SRR1944913	21	1790	0	0.008	0.0
SRR1944913	22	1902	1	0.0085	0.0055
SRR1944913	23	3453	1	0.0155	0.0055
SRR1944913	24	1124	1	0.0051	0.0055
SRR1944913	25	28374	26	0.1275	0.144
SRR1944913	26	63062	53	0.2834	0.2935
SRR1944913	27	150269	150	0.6752	0.8308
SRR1944913	28	1031884	808	4.6368	4.4752
SRR1944913	29	5309486	4119	23.8582	22.8136
SRR1944913	30	8149243	6704	36.6187	37.131
SRR1944913	31	5884138	4849	26.4404	26.8568
SRR1944913	32	1512219	1233	6.7952	6.8291
SRR1944913	33	114449	108	0.5143	0.5982
SRR1944913	34	1998	2	0.009	0.0111
SRR1944913	35	200	0	0.0009	0.0
SRR1944913	36	47	0	0.0002	0.0
SRR1944913	37	8	0	0.0	0.0
SRR1944913	38	5	0	0.0	0.0
SRR1944913	39	3	0	0.0	0.0
SRR1944913	40	6	0	0.0	0.0
SRR1944913	41	2	0	0.0	0.0
SRR1944913	42	4	0	0.0	0.0
SRR1944913	43	1	0	0.0	0.0
SRR1944914	20	275	0	0.0023	0.0
SRR1944914	21	1023	0	0.0086	0.0
SRR1944914	22	1081	0	0.0091	0.0
SRR1944914	23	796	0	0.0067	0.0
SRR1944914	24	457	0	0.0038	0.0
SRR1944914	25	33520	32	0.2818	0.3005
SRR1944914	26	50314	44	0.423	0.4132
SRR1944914	27	104550	112	0.8791	1.0518
SRR1944914	28	232344	259	1.9535	2.4324
SRR1944914	29	1324311	1128	11.1347	10.5935
SRR1944914	30	3253127	2907	27.3521	27.3009
SRR1944914	31	4406572	3928	37.0503	36.8896
SRR1944914	32	2123118	1948	17.8511	18.2945
SRR1944914	33	351096	281	2.952	2.639
SRR1944914	34	9903	7	0.0833	0.0657
SRR1944914	35	807	1	0.0068	0.0094
SRR1944914	36	114	0	0.001	0.0
SRR1944914	37	40	1	0.0003	0.0094
SRR1944914	38	15	0	0.0001	0.0
SRR1944914	39	14	0	0.0001	0.0
SRR1944914	40	13	0	0.0001	0.0
SRR1944914	41	3	0	0.0	0.0
SRR1944914	42	1	0	0.0	0.0
SRR1944914	43	2	0	0.0	0.0
SRR1944914	44	2	0	0.0	0.0
SRR1944914	45	3	0	0.0	0.0
SRR1944915	20	729	1	0.0032	0.0049
SRR1944915	21	1673	1	0.0073	0.0049
SRR1944915	22	1527	0	0.0067	0.0
SRR1944915	23	3906	0	0.0172	0.0
SRR1944915	24	1307	1	0.0057	0.0049
SRR1944915	25	30679	40	0.1347	0.1955
SRR1944915	26	52226	70	0.2293	0.3421
SRR1944915	27	96012	101	0.4216	0.4936
SRR1944915	28	473069	474	2.0771	2.3164
SRR1944915	29	5372686	4431	23.5901	21.6537
SRR1944915	30	8853163	8203	38.872	40.087
SRR1944915	31	6122550	5587	26.8826	27.3029
SRR1944915	32	1626538	1433	7.1417	7.0029
SRR1944915	33	135311	119	0.5941	0.5815
SRR1944915	34	3280	1	0.0144	0.0049
SRR1944915	35	418	1	0.0018	0.0049
SRR1944915	36	72	0	0.0003	0.0
SRR1944915	37	9	0	0.0	0.0
SRR1944915	38	1	0	0.0	0.0
SRR1944915	39	1	0	0.0	0.0
SRR1944916	20	499	0	0.0025	0.0
SRR1944916	21	1246	3	0.0061	0.0159
SRR1944916	22	1674	0	0.0083	0.0
SRR1944916	23	2145	1	0.0106	0.0053
SRR1944916	24	1044	0	0.0052	0.0
SRR1944916	25	29638	25	0.1463	0.1325
SRR1944916	26	46195	51	0.228	0.2702
SRR1944916	27	75486	81	0.3726	0.4292
SRR1944916	28	254187	273	1.2546	1.4464
SRR1944916	29	2856115	2505	14.0966	13.2722
SRR1944916	30	6557440	6160	32.3649	32.6375
SRR1944916	31	6900362	6572	34.0574	34.8204
SRR1944916	32	3026013	2754	14.9352	14.5915
SRR1944916	33	494839	429	2.4423	2.273
SRR1944916	34	12779	18	0.0631	0.0954
SRR1944916	35	1113	2	0.0055	0.0106
SRR1944916	36	178	0	0.0009	0.0
SRR1944916	37	28	0	0.0001	0.0
SRR1944916	38	3	0	0.0	0.0
SRR1944917	20	226	0	0.002	0.0
SRR1944917	21	585	1	0.0053	0.0097
SRR1944917	22	1011	0	0.0091	0.0
SRR1944917	23	615	0	0.0055	0.0
SRR1944917	24	326	0	0.0029	0.0
SRR1944917	25	21692	11	0.1952	0.1064
SRR1944917	26	31267	23	0.2814	0.2226
SRR1944917	27	70452	72	0.634	0.6967
SRR1944917	28	141868	160	1.2766	1.5483
SRR1944917	29	686692	670	6.1793	6.4835
SRR1944917	30	2077607	1998	18.6955	19.3342
SRR1944917	31	3649467	3324	32.84	32.1657
SRR1944917	32	3266798	3049	29.3965	29.5045
SRR1944917	33	1066106	926	9.5934	8.9607
SRR1944917	34	93327	92	0.8398	0.8903
SRR1944917	35	4106	8	0.0369	0.0774
SRR1944917	36	630	0	0.0057	0.0
SRR1944917	37	78	0	0.0007	0.0
SRR1944917	38	9	0	0.0001	0.0
SRR1944917	39	2	0	0.0	0.0
