Codon	AA	Abbr	SRR1944912_absolute_cst	SRR1944913_absolute_cst	SRR1944914_absolute_cst	SRR1944915_absolute_cst	SRR1944916_absolute_cst	SRR1944917_absolute_cst	SRR1944912_relative_cst	SRR1944913_relative_cst	SRR1944914_relative_cst	SRR1944915_relative_cst	SRR1944916_relative_cst	SRR1944917_relative_cst
GCA	Ala	A	2.6851792720729717e-05	8.273824007517977e-06	0.06804174116020843	9.810276405805619e-06	1.6203737890103614e-05	1.1412298894846402	0.6083337233334468	0.6093536822931179	0.6113402846176342	0.5653175164276499	0.6322729168374528	0.614798938881283
GCC	Ala	A	2.2680277976896743e-05	6.432899439660442e-06	0.06603904880533931	7.860149297384142e-06	1.246236403973054e-05	1.0705083331893772	0.5138270688821339	0.47377258179731807	0.5933465282358789	0.45294137450787175	0.48628380164696833	0.5767000964245759
GCG	Ala	A	1.9022305004586995e-05	5.244981161299622e-06	0.05053677381050304	7.405382346865284e-06	1.1596753483749293e-05	0.9447591711546118	0.430954824885539	0.3862843325277262	0.45406195018180645	0.42673541329065723	0.4525075140528685	0.5089569956728979
GCT	Ala	A	2.14180211556809e-05	5.795598416223868e-06	0.05669806775001962	7.436460568289007e-06	1.1491880204135309e-05	0.931315316007662	0.48523034166025003	0.4268363978746985	0.5094198397121195	0.42852629687267846	0.4484153388492482	0.5017145741809838
TGC	Cys	C	1.5748326382357246e-05	4.5349042542099904e-06	0.044656266573816335	6.590169556227007e-06	9.401321157764464e-06	0.7846176738142249	0.35678206383046235	0.3339883231307152	0.4012268682677872	0.37975874809792565	0.3668413295043362	0.4226861894638262
TGT	Cys	C	1.3112666233696879e-05	3.7958420355666187e-06	0.03490849510945534	5.076754552588127e-06	7.205114770694395e-06	0.5578868868784508	0.2970705589655248	0.279557592677076	0.31364525616031935	0.29254815628675473	0.28114494094587145	0.3005426594842705
GAC	Asp	D	3.1373631013687516e-05	8.687540622361253e-06	0.07974217423124019	1.070894657576903e-05	1.7074805633140175e-05	1.2712704239101593	0.7107770407564639	0.6398232381419641	0.7164661376870329	0.6171034159840254	0.6662621449024856	0.6848538711197538
GAT	Asp	D	2.8060140813519976e-05	7.86736242949554e-06	0.07420986139114934	1.0182595423866477e-05	1.5231371837594451e-05	1.1493636023723561	0.6357091355457749	0.5794184481071367	0.6667595068956264	0.5867724126917743	0.5943310095797962	0.6191807011349784
GAA	Glu	E	4.0375182678765404e-05	1.0962172859012783e-05	0.09612767990795243	1.597838619198823e-05	2.4127133778475884e-05	1.6281975101936323	0.9147093255445764	0.8073462030982899	0.8636863518261626	0.920755055711895	0.9414453228326588	0.8771362464123971
GAG	Glu	E	4.273677337908458e-05	1.1668393234925402e-05	0.10040205965306677	1.6757789961728192e-05	2.4662928547529277e-05	1.6530587478047174	0.9682117221501378	0.859358185246056	0.9020907266317595	0.9656682248396266	0.9623521360478083	0.8905293958938507
TTC	Phe	F	2.8392954933418746e-05	8.158363825202357e-06	0.07390468657294709	9.560664980672933e-06	1.5723282029508967e-05	1.0793560954353107	0.643249118251647	0.600850227640429	0.6640175773530149	0.5509336494405314	0.6135254382957666	0.5814665285785131
TTT	Phe	F	2.1532755901998306e-05	6.3506057173765825e-06	0.06330829792474427	8.473073776306096e-06	1.313239373203661e-05	0.9357773383104856	0.48782968451042413	0.4677117829867908	0.5688113239319195	0.4882611687571772	0.5124284869532394	0.5041183375264034
GGA	Gly	G	3.4814217601098526e-05	8.948706540464925e-06	0.08789462043918833	1.2221974299219242e-05	1.8915663373339324e-05	1.355206316294931	0.7887243447200847	0.6590576832717289	0.7897140984257511	0.7042916907609595	0.7380927620583815	0.7300714894521256
GGC	Gly	G	3.037066595046175e-05	8.951334968258063e-06	0.08118367301362829	1.0948074942866484e-05	1.7371647361556525e-05	1.3032048154297415	0.688054629719287	0.6592512627040368	0.7294176915549178	0.6308831963901036	0.6778449652824365	0.7020574426358527
GGG	Gly	G	3.5445598458403544e-05	9.88628642121379e-06	0.09513765304169133	1.4052180544265556e-05	2.090269363900386e-05	1.5716124246409842	0.8030284275707357	0.7281089166867903	0.8547911751907782	0.8097573887903916	0.8156270588013154	0.8466529486344319
GGT	Gly	G	2.8957974443775315e-05	7.999215294744317e-06	0.0760317233826069	1.0089357921564877e-05	1.5604880742092835e-05	1.1663072654678763	0.6560497690709831	0.5891291971981538	0.6831285416880968	0.5813995984041089	0.6089053976693609	0.6283085255881146
CAC	HIS	H	8.39985079439102e-06	2.6149610260474315e-06	0.022736765775566242	2.7446083177446626e-06	4.763780323850255e-06	0.3720923155194195	0.19030060906333537	0.19258762681284045	0.20428490840337235	0.1581581490238009	0.18588360913769422	0.200452128756042
CAT	HIS	H	9.065066840675825e-06	2.916639880775367e-06	0.026049133231017957	3.7005939485755477e-06	5.7568833524925036e-06	0.4092579107525134	0.20537123613342964	0.214805783838105	0.23404581146736203	0.21324685399056537	0.22463467712573165	0.22047383404323506
ATA	Ile	I	3.1269626065448834e-05	9.897551332805104e-06	0.08017142414543403	1.218254088094645e-05	1.920114954067486e-05	1.2965550667099204	0.7084207840228754	0.7289385591051735	0.7203228550525906	0.702019338672181	0.7492324862974552	0.698475115801932
ATC	Ile	I	3.739703661854036e-05	1.0921812921564336e-05	0.08806217327128832	1.2991577971773307e-05	2.0805294155576292e-05	1.3559472583405667	0.8472387212430287	0.8043737593432638	0.7912195242763818	0.7486401289501621	0.8118265125382941	0.7304706468766082
ATT	Ile	I	3.511501360133784e-05	1.0567777909351648e-05	0.08949017885226342	1.2727545746189519e-05	2.020939768318791e-05	1.374370264992458	0.7955389493422976	0.7782996564669558	0.8040498446565343	0.7334252628394009	0.7885745194928955	0.7403954175516039
AAA	Lys	K	3.71791147958885e-05	1.091246943009155e-05	0.0938869536262874	1.735356878343102e-05	2.562775892909127e-05	1.8562652231659276	0.842301650740951	0.803685626391772	0.8435539122467886	1.0	1.0	1.0
AAG	Lys	K	3.2433987225244424e-05	9.414187798396729e-06	0.08145605846929013	1.2263846025684035e-05	1.759251402013225e-05	1.2333431473445569	0.7347996618508901	0.6933396208983266	0.7318650157878167	0.7067045504434458	0.6864632240692011	0.664421835819908
CTA	Leu	L	2.773908628476434e-05	8.289942012188502e-06	0.07500657834545219	1.0115056729761602e-05	1.6433912932766002e-05	1.2103893739842158	0.6284355691622462	0.6105407471241172	0.6739178359051144	0.5828804931132862	0.6412543905316316	0.6520562680799745
CTC	Leu	L	2.9231744827997305e-05	8.246706865365815e-06	0.08278505761688316	1.0485396220023952e-05	1.7381889701034493e-05	1.3086056728659907	0.6622521019619121	0.6073565488746802	0.7438057848406413	0.6042213190197098	0.6782446233058441	0.7049669716023211
CTG	Leu	L	2.6496443581926702e-05	7.1091762865366e-06	0.07089525885938036	1.0187645411636928e-05	1.6546955341305586e-05	1.2300122849477753	0.6002832044373849	0.523579271729219	0.6369785221557619	0.5870634184113166	0.6456653266908314	0.662627446550954
CTT	Leu	L	2.3487096093374262e-05	6.26371194569965e-06	0.06755787770094619	8.768470825903904e-06	1.4429802363194315e-05	1.0832402170913544	0.532105724387721	0.4613121980196022	0.6069928763964813	0.5052834339341159	0.5630536171001035	0.5835589675293539
TTA	Leu	L	3.5669948417169974e-05	1.0895919006744236e-05	0.09706812302295971	1.3219776356058136e-05	2.0780108326175816e-05	1.4304938090756312	0.8081111290188489	0.8024667146284772	0.8721360292123062	0.7617900687194797	0.810843756712076	0.770630075499595
TTG	Leu	L	3.627071402443725e-05	9.817076164077057e-06	0.09142916868332275	1.3128327253334402e-05	2.0547497407783014e-05	1.32865940155093	0.8217216161293589	0.7230116938064873	0.8214712476802967	0.7565203110192049	0.8017672346862366	0.7157702385248879
ATG	Met	M	2.7807928984373548e-05	8.197275711895173e-06	0.06974652996728972	1.0698279637295531e-05	1.5995205198505914e-05	1.093102165890366	0.6299952168257433	0.6037160248122924	0.6266574422441578	0.6164887332863843	0.6241359317747057	0.5888717583288235
AAC	Asn	N	2.6350879362940765e-05	7.816379287908128e-06	0.06586540431886724	8.927410940398266e-06	1.4704829312792797e-05	1.0352113780177137	0.5969854125826355	0.5756636226439734	0.5917863701921249	0.5144423635167223	0.5737852206850852	0.5576850576622467
AAT	Asn	N	2.5776514100064293e-05	7.845994818925232e-06	0.06815341007072079	9.298272916163843e-06	1.4703048735647365e-05	1.043037030410735	0.5839730315266289	0.5778447583391417	0.612343605555216	0.5358132976683	0.573715742228137	0.5619008627613018
CCA	Pro	P	3.3131220999525305e-05	1.0156495048904823e-05	0.08479317500807709	1.034460660604319e-05	1.8264799307620404e-05	1.3152729095561881	0.7505956581314168	0.748009342671352	0.7618482839969688	0.5961083126555557	0.7126959231260434	0.7085587194878017
CCC	Pro	P	1.9859379048412318e-05	5.445632970755471e-06	0.057610827298249366	6.286176951553445e-06	1.0932189111860414e-05	0.9948513518500491	0.4499189355906288	0.40106201197070207	0.5176207862559237	0.36224116376312243	0.4265760865828488	0.5359424609341623
CCG	Pro	P	2.7583908719602994e-05	7.776215769091337e-06	0.07506281278072552	9.770542249394845e-06	1.6018022572763203e-05	1.2210703459143568	0.6249199846731873	0.5727056448017298	0.6744230901075953	0.563027834293292	0.6250262700333268	0.6578102798434036
CCT	Pro	P	1.8018514097980714e-05	5.191666755348884e-06	0.05477524647235735	6.1639618392236065e-06	1.068882756393455e-05	0.8642180873667484	0.408213704170994	0.3823578132355787	0.49214370763332516	0.35519851369759076	0.41708007295952676	0.46556821545834554
CAA	Gln	Q	1.640110709745466e-05	5.199954146760228e-06	0.0419703239277768	7.528474059019005e-06	1.2389916828914999e-05	0.8912928765819311	0.3715709655274768	0.3829681661350987	0.37709425623144605	0.4338285774512907	0.48345689778011075	0.48015384087291085
CAG	Gln	Q	2.7118475757699845e-05	8.608651976965147e-06	0.06957373493618	1.05899186436703e-05	1.733323359371643e-05	1.2852711820912481	0.6143754906939055	0.6340132177064854	0.6251049163725697	0.6102444272892978	0.6763460527967065	0.6923963052538212
AGA	Arg	R	3.557619655906981e-05	1.040577008450121e-05	0.0844238965360421	1.2490950159595903e-05	1.913011004537632e-05	1.2964176260837572	0.8059871584705631	0.7663680436427996	0.7585303970301217	0.7197914339972601	0.7464605117562908	0.6984010743209799
AGG	Arg	R	3.449047116115744e-05	9.937896970682415e-06	0.08854978159152689	1.3637783281629365e-05	2.0331737447425227e-05	1.4443595200058714	0.7813897924511307	0.731909949720041	0.7956005792610668	0.7858777322305345	0.7933482402296878	0.778099757502575
CGA	Arg	R	1.4851968006145384e-05	4.302958660796156e-06	0.03558919058539418	5.4477849208126494e-06	9.343933531682673e-06	0.6465843990257312	0.33647485253499	0.3169059073928463	0.3197611573542433	0.3139287940595902	0.36460205348177893	0.34832543914331277
CGC	Arg	R	2.2437467584211244e-05	7.0516217142765895e-06	0.06337434985939035	8.304940164725782e-06	1.4083034772700827e-05	1.023524534354164	0.5083261419316442	0.5193404710842482	0.5694047862366393	0.47857246358773414	0.5495226801401863	0.5513891665806817
CGG	Arg	R	8.619985978274585e-06	2.030763454905496e-06	0.02510169060769484	2.6683064856723515e-06	4.8296605058976075e-06	0.4324352099331802	0.19528782378830226	0.14956242578867415	0.22553324501734354	0.15376125331753193	0.18845426630009515	0.232959818745969
CGT	Arg	R	2.1905345847182826e-05	6.133016710333271e-06	0.06001149239935813	7.63934031791871e-06	1.239014505497361e-05	0.8982312411192672	0.49627079795815765	0.4516867064867506	0.5391902414338541	0.440217249446273	0.48346580320407867	0.48389164970041365
AGC	Ser	S	3.188686922162847e-05	9.600205618361513e-06	0.07929915826270209	1.0867638299746832e-05	1.8807492102048524e-05	1.300583375197346	0.7224045739063333	0.7070395308147912	0.7124857353093433	0.6262480320545433	0.733871898595833	0.7006452305232298
AGT	Ser	S	3.2449550342987315e-05	9.62260391604484e-06	0.08054594968141982	1.1468960423723818e-05	1.778430990509442e-05	1.3093767541541748	0.7351522479691309	0.7086891290124361	0.7236878857508353	0.660899240199759	0.6939471357718531	0.70538236552263
TCA	Ser	S	3.024943478991336e-05	9.285745424371838e-06	0.07908357021832202	1.0094017913690786e-05	1.7711217512046383e-05	1.1812880223456768	0.6853081090661798	0.6838800489394088	0.7105487234962395	0.5816681306111763	0.69109505677227	0.6363789008183579
TCC	Ser	S	3.0092625480491537e-05	8.52318814197281e-06	0.08528269767427843	9.572409431610242e-06	1.6387199176325333e-05	1.2318698210193717	0.6817555570244578	0.627718945250587	0.7662465389648667	0.5516104238310834	0.6394316109210569	0.6636281311774904
TCG	Ser	S	2.900897300326656e-05	8.273211533299695e-06	0.07856475652345737	1.0999958594935896e-05	1.7641725742081455e-05	1.2787189396449254	0.6572051535141231	0.6093085745630186	0.7058872949896515	0.6338729936310579	0.6883834747663209	0.6888665066213028
TCT	Ser	S	2.6998811539159436e-05	7.277000928679911e-06	0.0745890348002985	8.688341724463107e-06	1.4445050941030321e-05	1.1067871504916984	0.6116644694830843	0.5359392836870065	0.6701662977260211	0.5006659916984126	0.5636486194909952	0.5962440801449875
ACA	Thr	T	2.0657587463728866e-05	6.551941476258397e-06	0.054222951897207466	7.136724497033035e-06	1.1424347393366504e-05	0.8804717993819259	0.46800253627739924	0.48253983419267044	0.48718146068009227	0.41125399542295266	0.4457801958015998	0.47432435214201196
ACC	Thr	T	2.0441115237256277e-05	5.9954071810321465e-06	0.05658579168940276	7.291065656213555e-06	1.1228786940633122e-05	0.909778519848167	0.4630983067200674	0.4415519884504387	0.5084110636625524	0.4201479100468935	0.4381493899525799	0.49011235490179944
ACG	Thr	T	2.5624722940670758e-05	7.0943582932418106e-06	0.06925879594492897	8.869482034405565e-06	1.4384085787692481e-05	1.1744197794395481	0.5805341668622342	0.5224879506218121	0.6222752578531725	0.5111042083098227	0.5612697476783438	0.6326788676439957
ACT	Thr	T	1.7257586573383687e-05	4.9542485539077375e-06	0.047018863928464064	6.127637435582233e-06	9.3067633861156e-06	0.7620958111831578	0.3909747108926177	0.3648723488166937	0.42245429300147236	0.3531053186842367	0.36315166737232946	0.4105532989964526
GTA	Val	V	3.261745011634174e-05	1.041405729494168e-05	0.08435466668087266	1.2482713013808738e-05	1.9578203632662708e-05	1.3579723359725657	0.7389560570977738	0.766978383214109	0.7579083817988584	0.7193167681870188	0.763945208273306	0.7315615888426196
GTC	Val	V	2.6186498406639517e-05	7.243885071770508e-06	0.06660928828306967	9.664769519439156e-06	1.4445831768316496e-05	1.0919780430567763	0.5932613230876853	0.5335003546825098	0.5984700062461646	0.5569326770794814	0.5636790875193678	0.5882661752367305
GTG	Val	V	2.8612772260268788e-05	8.012398929488499e-06	0.07651657630790182	1.1401501571683065e-05	1.718332166770727e-05	1.3136063019496238	0.6482291318502421	0.5901001504562936	0.687484840046917	0.6570119215229713	0.6704964610932748	0.7076608911032771
GTT	Val	V	2.591858458494333e-05	7.398557578023677e-06	0.06610210323382854	1.0006765501105735e-05	1.4821296207692893e-05	1.0471586285924852	0.5871916720077739	0.5448917332215304	0.5939130585980023	0.5766402073249668	0.578329780949693	0.5641212341448267
TGG	Trp	W	1.6323279800805924e-05	4.541027913153152e-06	0.03932394834049667	6.208851423690425e-06	9.557015256903078e-06	0.6654530768771504	0.3698077696902487	0.33443932065286847	0.3533171456351182	0.35778527755158707	0.3729165426967733	0.3584903000780223
TAC	Tyr	Y	4.0266966178402994e-05	1.1751073524961264e-05	0.10009680885283587	1.3362952803948065e-05	2.2422493709623534e-05	1.540567772170447	0.9122576551002132	0.8654474541428365	0.8993481144071027	0.770040616470017	0.8749299449734839	0.829928693887263
TAT	Tyr	Y	4.4139904941635806e-05	1.3578032344667137e-05	0.11129929250902462	1.5718075044704826e-05	2.5170241084509626e-05	1.67817933423843	1.0	1.0	1.0	0.9057546168666042	0.982147567181058	0.9040622607669362
