Codon	AA	Abbr	SRR1944912_absolute_cst	SRR1944913_absolute_cst	SRR1944914_absolute_cst	SRR1944915_absolute_cst	SRR1944916_absolute_cst	SRR1944917_absolute_cst	SRR1944912_relative_cst	SRR1944913_relative_cst	SRR1944914_relative_cst	SRR1944915_relative_cst	SRR1944916_relative_cst	SRR1944917_relative_cst
GCA	Ala	A	3.267350952368528e-05	1.0283617439610519e-05	0.08339653939481179	1.0459594571471277e-05	1.787346535121897e-05	1.2998259237449248	0.8192993352413405	0.8302076880038152	0.7707227752065868	0.6282573966453896	0.7537595499496414	0.7736221943977379
GCC	Ala	A	2.809418057857446e-05	8.219490685694103e-06	0.08451596024304985	9.519636328681789e-06	1.5458498855560644e-05	1.3897099398240393	0.7044711084828716	0.6635684766388433	0.7810680862835093	0.5717986386567201	0.6519156140848631	0.8271187961273492
GCG	Ala	A	3.5553598469840874e-05	1.0055024498005534e-05	0.09553073944405077	1.1621061107670793e-05	2.0157473512902482e-05	1.551033216764801	0.8915185425876061	0.8117531297067638	0.8828629719668756	0.6980210894288283	0.850080712645406	0.9231341665200059
GCT	Ala	A	2.7118402818949817e-05	7.64014098852275e-06	0.07622307250076515	9.594076647423526e-06	1.530217347357428e-05	1.1999631670291313	0.6800031501441991	0.616796941674727	0.7044280062323223	0.5762699095591025	0.6453230620947304	0.7141865087587738
TGC	Cys	C	3.299766336233905e-05	9.61655861160079e-06	0.09193475511025136	1.0002487537790175e-05	1.8022032824476052e-05	1.3829989838248136	0.8274276027092855	0.7763552989377488	0.8496300938947465	0.6008011818746876	0.760024935513039	0.8231246116663485
TGT	Cys	C	2.13648679660408e-05	6.776443891941706e-06	0.06195034670588479	8.097353370385632e-06	1.2854643004232325e-05	1.0566256682722102	0.535731311918216	0.5470697300297056	0.5725242736048126	0.48636896138132674	0.542105838752341	0.6288758003768927
GAC	Asp	D	2.9536003388856175e-05	8.383295076180254e-06	0.07127478069272633	1.010076244764987e-05	1.6208254168819063e-05	1.1575476179725903	0.7406253045646636	0.6767925843138884	0.6586975571933187	0.6067040817052808	0.6835342854722489	0.6889418898153641
GAT	Asp	D	2.6913229997344857e-05	7.807182728029105e-06	0.07115962877852275	9.573869057661102e-06	1.5419441900487386e-05	1.1285478506942537	0.6748583720410486	0.6302824040784081	0.6576333619217957	0.5750561371083762	0.6502685046799477	0.6716819912481363
GAA	Glu	E	2.600410072472545e-05	7.561053849663168e-06	0.06518478803647264	1.0469553803715434e-05	1.5233544370735548e-05	1.0200105003440763	0.6520616471234031	0.6104121504192156	0.6024158928092017	0.6288555996904069	0.6424288364561839	0.6070834156864923
GAG	Glu	E	2.84460938334664e-05	8.086308454393763e-06	0.07026451074701341	1.0693287961402474e-05	1.5573211355207185e-05	1.0781370471559402	0.7132954527299008	0.65281652938095	0.6493609820558123	0.6422942314163914	0.6567532681384056	0.6416788071738384
TTC	Phe	F	2.7151635011992257e-05	8.127774245845071e-06	0.07748664132467603	1.0073076512144612e-05	1.6158294718709053e-05	1.224674728883169	0.6808364586581971	0.6561641080957551	0.7161054844310124	0.6050411210957303	0.6814273961874531	0.7288941802702305
TTT	Phe	F	2.5682724893525664e-05	7.71698763634038e-06	0.07357137754003357	1.0211342025307945e-05	1.6107244757882615e-05	1.1902318711083635	0.6440030391347588	0.6230008556369265	0.679921933031118	0.6133460635820063	0.6792745178988083	0.7083946974346326
GGA	Gly	G	2.990522801113117e-05	8.62544568904704e-06	0.07556880152991544	1.189085726052591e-05	1.731492460369695e-05	1.254862875360609	0.7498837372214111	0.6963416682464055	0.6983814539167261	0.7142264430359382	0.7302047767588891	0.746861370873255
GGC	Gly	G	2.6460884857195885e-05	7.62319892990373e-06	0.07612774676027176	9.920251397393462e-06	1.5799873812900786e-05	1.308192625248097	0.6635156642013827	0.6154291907447922	0.703547037791727	0.595861653566705	0.6663120743768364	0.7786018350238509
GGG	Gly	G	3.058613116100295e-05	8.721877111202308e-06	0.08564369880326202	1.2369243383992166e-05	1.7723206602951394e-05	1.4896413023841046	0.7669576146893117	0.7041266824701042	0.7914902668576864	0.7429607900956171	0.7474228399583448	0.8865953141599627
GGT	Gly	G	2.7398562938305763e-05	7.669135041019324e-06	0.07761790087779663	1.0244157216127507e-05	1.5527761432920817e-05	1.2785150832734866	0.6870282601766268	0.6191376632574188	0.7173185410852526	0.615317113818595	0.6548365546027463	0.7609385427880865
CAC	HIS	H	3.961861040295486e-05	1.2386801023653326e-05	0.10363702046586931	1.2343302314197871e-05	2.250063973206542e-05	1.666285025699985	0.9934500957969156	1.0	0.957778495453563	0.7414026351533967	0.948896688177146	0.9917290111895622
CAT	HIS	H	3.463128358160082e-05	1.1570849409132253e-05	0.08883761619365986	1.1275902411861189e-05	2.017608153439879e-05	1.3988202488447632	0.8683911838852761	0.9341273333637179	0.8210073774329143	0.6772890713589963	0.8508654498876193	0.832541012385314
ATA	Ile	I	2.8927078983644938e-05	9.362656404728631e-06	0.07951564772654825	1.0533677844436931e-05	1.7489924205008007e-05	1.201573470892724	0.7253563185366966	0.7558574959628468	0.7348568793487273	0.6327072215301246	0.7375848576851988	0.715144919255012
ATC	Ile	I	2.7380592346246047e-05	8.44179283011064e-06	0.06808205745459556	9.10447523036806e-06	1.6038851793983093e-05	1.0096872411210278	0.6865776414845103	0.6815151719956216	0.6291914825718123	0.5468619139077096	0.6763902507085564	0.6009392833780196
ATT	Ile	I	2.5223502682840302e-05	7.705339235911131e-06	0.06480621919316065	8.90734464962745e-06	1.5227422166248582e-05	0.9730377260204152	0.6324878864184631	0.6220604675248542	0.5989172868521504	0.5350212307331352	0.6421706509276299	0.5791264561541545
AAA	Lys	K	2.5881937047005648e-05	7.990865073065253e-06	0.06842822923631034	1.1797888536334154e-05	1.7662326049593067e-05	1.1595124541354584	0.6489983514626197	0.6451112807742875	0.6323906857790142	0.708642260185346	0.7448553860484107	0.6901113086092059
AAG	Lys	K	3.057770573417857e-05	8.855107705547725e-06	0.07423955387245276	1.1932061725807593e-05	1.804656350735198e-05	1.2319635550838437	0.7667463442535069	0.7148825341295444	0.6860969940226959	0.7167013965258796	0.7610594431544604	0.7332322978727043
CTA	Leu	L	3.140764258411287e-05	9.541490793503873e-06	0.08498582951498995	1.0791777167435833e-05	1.773597280151355e-05	1.3093815037297798	0.7875572923076347	0.7702949918452581	0.7854104601023983	0.6482100029845322	0.7479612159192282	0.779309424219504
CTC	Leu	L	3.7060272358771286e-05	1.0452936031367134e-05	0.09765684527815838	1.1445415256372836e-05	2.0660725984215624e-05	1.575273084947772	0.9292989014661446	0.8438769631809405	0.9025117271878659	0.6874708903256049	0.8713038693659446	0.9375610983676137
CTG	Leu	L	3.585890778495871e-05	1.019815372202613e-05	0.0919597770320822	1.2181501657698737e-05	1.9707287984785527e-05	1.4701999254966898	0.899174277235202	0.8233081085707403	0.8498613380827478	0.7316840501228717	0.8310954943679589	0.8750243180942566
CTT	Leu	L	3.226318346898011e-05	9.287157974161079e-06	0.089883247855764	1.1276135605081302e-05	1.920219274110931e-05	1.3697125918943098	0.8090102702234414	0.7497624250544352	0.8306707536630186	0.6773030781509788	0.8097946242751247	0.8152169007235702
TTA	Leu	L	3.0015616829712965e-05	9.337480568884919e-06	0.08564495621081133	1.0905787112653662e-05	1.7930526066577937e-05	1.3014008034768094	0.7526517742948874	0.7538250231883478	0.791501887395457	0.6550580304950442	0.756165913700801	0.7745595213827107
TTG	Leu	L	2.8106429989791126e-05	8.19111071845668e-06	0.07626259959311142	1.0875921932073445e-05	1.6999334803012213e-05	1.2002175394858483	0.704778266624535	0.6612773308310412	0.7047933023288994	0.6532641731448895	0.7168957277603634	0.7143379045530605
ATG	Met	M	2.9796276662754694e-05	8.835526550354013e-06	0.08132377614798762	1.0732997781972439e-05	1.671391991543534e-05	1.2739878842367618	0.7471517452009706	0.7133017260454942	0.751566994240957	0.6446794088075484	0.7048592148077032	0.7582440730215689
AAC	Asn	N	2.6960629400304535e-05	8.267564570709085e-06	0.07292576611135917	9.346630525702296e-06	1.5186764874307742e-05	1.1225688955900164	0.6760469281497076	0.667449533977472	0.6739554092925566	0.5614070145223677	0.6404560521370037	0.6681234744625815
AAT	Asn	N	2.5306156938144803e-05	7.997377202409417e-06	0.0697561613040885	9.741308817140737e-06	1.50003969951355e-05	1.0555288975454284	0.6345604699092803	0.645637012101668	0.6446629874355441	0.5851134358561237	0.6325965483435573	0.6282230312938147
CCA	Pro	P	2.456649754414629e-05	7.810138059933562e-06	0.06781163846479957	8.612981577177048e-06	1.4588492595635695e-05	1.1204703191811503	0.6160132596878408	0.6305209912567129	0.6266923611958347	0.5173402607583865	0.6152257213277389	0.6668744569927184
CCC	Pro	P	3.0263607343026238e-05	8.819242586811493e-06	0.08540398217782769	1.0015039100913716e-05	1.7460282813969792e-05	1.4636470482554722	0.7588702205428007	0.7119871038511582	0.7892748864095451	0.6015550937321638	0.736334821325164	0.8711242179513359
CCG	Pro	P	3.062502363592195e-05	8.826490051389997e-06	0.08524289309080013	1.069037637777298e-05	1.736554820183762e-05	1.5008776058161988	0.7679328566915191	0.7125721995965943	0.787786155233044	0.6421193466310701	0.7323396744858562	0.8932828663615769
CCT	Pro	P	2.5983370034274847e-05	7.435755521722037e-06	0.07395369002882246	9.200713037284832e-06	1.4978628539763193e-05	1.2609493583301328	0.6515418180278185	0.6002966793059018	0.6834551365008755	0.5526424547899828	0.6316785293247436	0.7504838854154188
CAA	Gln	Q	3.359784734193195e-05	1.027707270438409e-05	0.08653956600996553	1.2837379532772102e-05	2.0908898352932463e-05	1.404806010618033	0.8424774195998312	0.8296793243678827	0.7997695703489061	0.7710794706141022	0.8817697912942395	0.8361035803212091
CAG	Gln	Q	3.987981939965893e-05	1.2255982214244455e-05	0.09682748575839589	1.3239393469672703e-05	2.1275812564333865e-05	1.5434690855402076	1.0	0.9894388543774082	0.8948470653763099	0.7952265087891017	0.8972432926786359	0.9186321946099343
AGA	Arg	R	2.6226731039426408e-05	7.675104082300128e-06	0.06661671638116663	1.0485430527669214e-05	1.5577371545511297e-05	1.0981958781897174	0.6576441777880947	0.6196195504912095	0.6156492930884967	0.6298092379208662	0.6569287116301803	0.6536172957036682
AGG	Arg	R	3.00432400230783e-05	8.959387351994826e-06	0.08000771353411273	1.2185602291450252e-05	1.818328592685367e-05	1.3604020030776556	0.7533444352392238	0.7233011440876743	0.7394043860863266	0.7319303554139344	0.7668252992638686	0.8096754831999661
CGA	Arg	R	3.889501646290104e-05	1.1067690973457309e-05	0.09389975311522449	1.4662994304032058e-05	2.2365922202559722e-05	1.6801817904886176	0.9753057322830727	0.8935068023069799	0.8677899447309853	0.8807353445231627	0.9432153822627551	1.0
CGC	Arg	R	2.8756442883702914e-05	8.591398404215481e-06	0.08225253918431674	1.0608317764132137e-05	1.873580559872417e-05	1.3772575555165132	0.7210775604452424	0.6935929936881766	0.760150309928435	0.6371904814990561	0.7901261517300092	0.8197074645809544
CGG	Arg	R	3.899993836901484e-05	1.2043275676231254e-05	0.1082056247429018	1.6648581659875048e-05	2.371242308294879e-05	1.6797132555550796	0.9779366846718565	0.972266822824869	1.0	1.0	1.0	0.9997211403336291
CGT	Arg	R	2.736454727846036e-05	7.955211497786504e-06	0.07627354730804041	1.0024703110806977e-05	1.6911254897419084e-05	1.2224224680507974	0.6861753059667666	0.6422329286306899	0.704894477429131	0.6021355641944947	0.7131812231192723	0.7275536938745788
AGC	Ser	S	3.394552731463933e-05	9.824435592982577e-06	0.08790262360851446	1.0787246510246472e-05	1.9067536186600923e-05	1.3720228175350462	0.8511956128600132	0.7931374350990411	0.8123664903499465	0.6479378682596697	0.8041158897975328	0.8165918862482404
AGT	Ser	S	3.117184775478182e-05	9.440183872690061e-06	0.07791443586671744	1.0844408877108383e-05	1.851147677911992e-05	1.276829372924727	0.7816446569727548	0.7621163732801935	0.7200590177437016	0.651371335928551	0.7806657596469428	0.7599352523356472
TCA	Ser	S	3.003365151403189e-05	9.353467464756254e-06	0.08194144667938896	1.018330993221068e-05	1.7472380714637538e-05	1.1610655727696109	0.7531040001221457	0.7551156627845443	0.7572752976019784	0.6116623109555093	0.7368450138358756	0.6910356839612924
TCC	Ser	S	2.661135278994624e-05	8.100166474293254e-06	0.07279069724004458	9.16849571638e-06	1.5595148302859775e-05	1.1827881545171135	0.6672886986587966	0.6539353024905711	0.6727071482004413	0.5507073157154946	0.6576783928114873	0.7039643931464964
TCG	Ser	S	3.353751468073758e-05	9.419403970094403e-06	0.08760062433487328	1.1078071420125857e-05	1.8584178790126767e-05	1.318583409088385	0.8409645576535485	0.7604387890067417	0.8095755146094641	0.6654063178742279	0.7837317479161521	0.7847861562080879
TCT	Ser	S	2.7430676357985454e-05	8.025760480714966e-06	0.07568744392225142	9.512347804418404e-06	1.610589906829101e-05	1.1438033681503144	0.6878335150690289	0.647928425215623	0.6994779070134841	0.5713608521586094	0.6792177674947312	0.6807616739005856
ACA	Thr	T	3.161722099697681e-05	1.0260470071024562e-05	0.08475743986028181	1.0548505975462201e-05	1.8460348332352586e-05	1.2682417122355527	0.7928125421061263	0.8283389756105382	0.7832997597090425	0.6335978758409965	0.7785095714502123	0.7548241026149511
ACC	Thr	T	2.848575681151293e-05	8.52496429219442e-06	0.0754981031453008	9.555750343033665e-06	1.632330374592968e-05	1.1988781548848275	0.7142900153594114	0.6882296951339978	0.6977280832182747	0.5739678333118369	0.6883861547522528	0.7135407380746455
ACG	Thr	T	3.434223927492256e-05	9.946329916047848e-06	0.08568851098375044	1.1455022489159116e-05	1.7589361153558845e-05	1.3702736461222318	0.8611432998419313	0.8029780971741408	0.7919044059617755	0.6880479504609698	0.7417783113952223	0.8155508254399896
ACT	Thr	T	2.935877479996432e-05	8.745280555861983e-06	0.07486675881385141	9.623119509704598e-06	1.6406506077178067e-05	1.137520317811665	0.736181237576402	0.7060160681650052	0.6918934111949907	0.5780143742152761	0.6918949623910731	0.6770221676315514
GTA	Val	V	2.4779575736940596e-05	7.89717805638503e-06	0.06463356521604038	8.56784604557095e-06	1.4152229264544201e-05	1.0078948331665374	0.6213562676553275	0.6375478254074561	0.597321676850078	0.5146291870748619	0.5968276297634396	0.5998724893176167
GTC	Val	V	2.5930302026442654e-05	7.72726937132859e-06	0.07192057383415999	9.095163270780893e-06	1.4440812226072143e-05	1.1300499581100178	0.6502111197290031	0.6238309113525691	0.6646657602601007	0.5463025894092383	0.6089977466898476	0.6725760060650254
GTG	Val	V	2.67077898248533e-05	7.584666783421454e-06	0.07223913891874173	9.308386852987532e-06	1.4592633779905378e-05	1.142874297170243	0.6697068900237225	0.6123184483982657	0.6676098316550828	0.5591099015612717	0.6154003632972751	0.6802087152949569
GTT	Val	V	2.2580724920020178e-05	6.599130469746272e-06	0.06225514164742586	8.012787077110735e-06	1.2926734632203958e-05	0.9627593083114764	0.5662193374981357	0.5327550234434898	0.5753410859679894	0.48128947202886674	0.5451460859560724	0.5730090123352034
TGG	Trp	W	2.977456582742391e-05	8.60041407886887e-06	0.0897978161317435	1.1599408158337124e-05	1.7930150244054254e-05	1.4572124276906102	0.7466073386400178	0.6943208389676941	0.8298812223958271	0.6967205011999912	0.7561500645181861	0.8672945010711222
TAC	Tyr	Y	2.9690569753803556e-05	9.078813855985915e-06	0.08028003662872465	1.0103423223507792e-05	1.699156926383819e-05	1.3004706306053266	0.7445011085997416	0.7329425764286829	0.7419211045587625	0.6068639016774731	0.7165682395426111	0.774005906960302
TAT	Tyr	Y	2.706969545593783e-05	8.260068958074394e-06	0.07384223961809526	1.0043172383481391e-05	1.6715583868545765e-05	1.1629791832711742	0.6787817964935253	0.6668444049679417	0.6824251492798599	0.603244924322086	0.7049293870167854	0.6921746145891544
