Codon	AA	Abbr	SRR1944912_absolute_cst	SRR1944913_absolute_cst	SRR1944914_absolute_cst	SRR1944915_absolute_cst	SRR1944916_absolute_cst	SRR1944917_absolute_cst	SRR1944912_relative_cst	SRR1944913_relative_cst	SRR1944914_relative_cst	SRR1944915_relative_cst	SRR1944916_relative_cst	SRR1944917_relative_cst
GCA	Ala	A	1.7500404498685983e-05	5.447755961585864e-06	0.045676943737054394	6.134802263242679e-06	1.0187648370425577e-05	0.7801068629849467	0.3761437464882947	0.397049488254014	0.34008865091678736	0.4242465636290341	0.41048383313001374	0.37275263765144967
GCC	Ala	A	2.2960196498962206e-05	6.407403340839869e-06	0.06872985828844581	7.448361034848465e-06	1.2393699126936637e-05	1.1638642696613484	0.49349341221658793	0.4669915898319616	0.5117296139071075	0.5150845028267633	0.49937070257093447	0.5561205739487478
GCG	Ala	A	1.275685092911813e-05	3.4695678427162555e-06	0.03470668283759758	4.805995107863291e-06	7.95757786840909e-06	0.6251821261962436	0.27418850245612697	0.25287295285012185	0.25840934130757476	0.3323541365865039	0.3206291527824566	0.2987261074213727
GCT	Ala	A	2.613431750312921e-05	7.15730970134452e-06	0.07352644424087613	9.070505618655503e-06	1.4684671123743922e-05	1.2126664743690316	0.5617161648052045	0.5216471101556226	0.547442696090518	0.6272624078120544	0.5916792445081441	0.5794393670412602
TGC	Cys	C	3.01274053994461e-05	8.802560003429641e-06	0.09161744588586312	9.145642199910322e-06	1.726895528269102e-05	1.4398234348593228	0.6475413262459285	0.6415580964587787	0.6821396315640246	0.6324584084380537	0.695806009477896	0.687980081398847
TGT	Cys	C	3.5014779090515e-05	1.0779664331227651e-05	0.0821638752336226	1.2213197053636564e-05	1.87164665521935e-05	1.2379338764285066	0.7525877582175446	0.7856556417806284	0.611752871276933	0.8445923207622368	0.754129574720799	0.5915127011076095
GAC	Asp	D	3.399414166605201e-05	9.779938426886447e-06	0.08724249269363428	1.2690051290060512e-05	1.948583797384887e-05	1.3710770937371701	0.7306507575800737	0.7127924919787776	0.6495658250165826	0.8775687334441795	0.7851293225309594	0.6551315305168338
GAT	Asp	D	4.136957054020685e-05	1.1971597580596839e-05	0.11079386962364385	1.4420563562470564e-05	2.29134358866696e-05	1.7136534142130733	0.8891740333644048	0.8725274638725293	0.8249181001921682	0.9972407054793104	0.9232351422967344	0.8188222158746234
GAA	Glu	E	2.426521327631862e-05	6.834049136973063e-06	0.0622662275428889	1.0051254996738213e-05	1.472436782588842e-05	1.0472443090247503	0.5215427010145571	0.49808686946910197	0.463604514449162	0.6950852219108701	0.593278716129701	0.5003969289038009
GAG	Glu	E	2.836217449834569e-05	7.90904470404372e-06	0.0725645909771974	1.173903453482909e-05	1.7110310457051174e-05	1.2210551005438173	0.6096004566730754	0.5764359076401303	0.5402811972672278	0.8118020513168724	0.6894138438114865	0.5834476416524575
TTC	Phe	F	2.1873874353995787e-05	6.554425190803802e-06	0.058799047480200116	7.931526284187517e-06	1.2901772818499473e-05	0.9129359181146866	0.4701446215339754	0.4777070019579748	0.43778955194218383	0.5484973477566195	0.519842162601952	0.4362213532924192
TTT	Phe	F	2.2113328880258876e-05	6.611398148475101e-06	0.06423058461036871	8.466895517321237e-06	1.3221752901289019e-05	0.9728395652688056	0.47529132100763277	0.48185936925328254	0.4782301765522094	0.5855203107933513	0.5327348976211551	0.46484466573989663
GGA	Gly	G	3.2626180729416176e-05	9.095981714065944e-06	0.0851499158819248	1.1804012821453003e-05	1.7988394851245804e-05	1.3885473380324023	0.7012485828020865	0.6629435881864307	0.6339855000953093	0.8162955644942844	0.7247938878447103	0.6634792069063807
GGC	Gly	G	2.4306753673883662e-05	7.215674904113062e-06	0.06997306283915956	9.520239979942196e-06	1.4917808062490545e-05	1.2254009233971945	0.5224355467068896	0.5259009486268205	0.5209859196901685	0.6583633706686677	0.6010728690995388	0.5855241737382848
GGG	Gly	G	2.3639931521131595e-05	6.725029690235876e-06	0.0676099799386545	9.282672963974303e-06	1.4602357190638317e-05	1.1014247854955705	0.5081032503993166	0.49014119131428696	0.5033915359620525	0.6419346439010817	0.588362626427834	0.5262855814358839
GGT	Gly	G	3.4887902204770825e-05	1.0046691633738683e-05	0.09318056303677273	1.3069445058125849e-05	2.0144955818669356e-05	1.5987111005856882	0.749860738556361	0.7322342997648895	0.6937778533797826	0.9038053577814263	0.811686699620232	0.7639001883738927
CAC	HIS	H	3.4987829320909515e-05	1.105603390428517e-05	0.09416363363739357	1.124936868515063e-05	1.9295579788787273e-05	1.554349866600732	0.7520085151887812	0.8057983204037591	0.7010973263341405	0.7779396633965203	0.7774633817516172	0.742703391163195
CAT	HIS	H	3.404956499513905e-05	1.1186587967121382e-05	0.09885609971834045	1.2561950608269654e-05	2.1015318379691603e-05	1.5805732733085065	0.7318419951110244	0.8153135087132425	0.736035181811704	0.868710049542674	0.8467556131978159	0.7552335257926069
ATA	Ile	I	9.245240516244627e-06	3.2243625798974563e-06	0.02897513465447845	4.209199787156152e-06	5.448196411966028e-06	0.5303583602352037	0.19871194435687134	0.23500162660021146	0.2157349780558961	0.2910833094048527	0.2195203903308237	0.25341717533638036
ATC	Ile	I	2.111402560337067e-05	6.931390956439525e-06	0.06166876057325938	8.555188052721995e-06	1.2296646898635132e-05	1.0382984761660328	0.45381286441110197	0.5051814456353997	0.4591560614870211	0.5916260992329068	0.49546024460865723	0.49612240838321897
ATT	Ile	I	2.19140872338724e-05	7.076267700859377e-06	0.06131634205069564	8.839823929875798e-06	1.2614260778426624e-05	1.0209029778577134	0.4710089343157176	0.5157405157621505	0.4565321219216521	0.6113098294635546	0.5082576398554919	0.48781044731050566
AAA	Lys	K	2.5986189736161097e-05	8.042300075673347e-06	0.06731814478508191	1.0486116490790515e-05	1.6317343274735195e-05	1.075201451624238	0.5585323907826946	0.5861479757807964	0.5012186711521839	0.7251576654208524	0.6574633684212791	0.5137554816093651
AAG	Lys	K	2.6026382045985293e-05	7.946980294081143e-06	0.06669484958940752	9.783109270423358e-06	1.4488497301663071e-05	1.0226986883498097	0.5593962614434228	0.5792007720571825	0.4965779135866146	0.6765418527753246	0.583774949079056	0.48866847824722387
CTA	Leu	L	2.1268452991609203e-05	6.4693583512337985e-06	0.05772899711865498	8.232924115156907e-06	1.2856813350752926e-05	0.9759886909046399	0.457132038912286	0.47150706470733045	0.4298224693377562	0.5693402353652612	0.5180306420247733	0.466349388929437
CTC	Leu	L	1.4060053022481489e-05	4.200905178276247e-06	0.040318166811049806	5.553044396243383e-06	8.793624545672854e-06	0.7734954223233046	0.30219878746787554	0.3061751045751082	0.3001897639461497	0.38401563761901597	0.3543154003128575	0.3695935423245948
CTG	Leu	L	1.812420736210434e-05	5.239902615469591e-06	0.05144047795381064	7.238945463369668e-06	1.1255797540935528e-05	0.9037652388864067	0.3895514106445103	0.3819004864835076	0.38300116685859453	0.5006025631067813	0.4535220250584277	0.43183939610989064
CTT	Leu	L	2.3797079095738666e-05	6.949892236364699e-06	0.0707774546022643	8.876403327451169e-06	1.4566562107148362e-05	1.193087649378295	0.5114808910400623	0.5065298767652324	0.5269750355797446	0.6138394437942322	0.5869203600142404	0.5700841632817542
TTA	Leu	L	2.070736872364495e-05	6.672100686408081e-06	0.056824638629292684	8.789988720804494e-06	1.355511546637448e-05	0.9456780788003907	0.44507241259544494	0.48628356001952855	0.42308904907297473	0.6078635217768485	0.5461668436957345	0.45186629546265533
TTG	Leu	L	2.3457172449660714e-05	6.90854653852172e-06	0.06384737942955748	9.360980222494231e-06	1.3986080246395171e-05	1.043902325379126	0.5041751308033986	0.503516473028755	0.475377014271549	0.6473499097741712	0.563531407961662	0.49880005381142206
ATG	Met	M	1.7527434375823698e-05	5.484479898895345e-06	0.04813957493417191	6.844609855995589e-06	1.0447113746217296e-05	0.8049281590357238	0.3767247113028201	0.399726043631718	0.3584242235933339	0.4733326497230379	0.4209382911312036	0.38461281221452515
AAC	Asn	N	3.8434082499884865e-05	1.1955082159369655e-05	0.09992940295139337	1.2687327493014384e-05	2.11194732428892e-05	1.5380713099677374	0.8260803220538349	0.8713237683338907	0.7440264837397593	0.8773803717843806	0.8509522526900657	0.7349251299915274
AAT	Asn	N	4.185380533461079e-05	1.3230613724655891e-05	0.109331594656574	1.4460464242220752e-05	2.302094357466157e-05	1.6254247664502028	0.899581900780313	0.9642884970809016	0.8140307009895645	1.0	0.9275668748274722	0.7766645798756369
CCA	Pro	P	3.81740769528564e-05	1.1845174815517235e-05	0.10134174409558849	1.1140573033400809e-05	1.9417143147266817e-05	1.4982601367037984	0.8204919106217237	0.8633133774610848	0.7545420996077699	0.7704160009519796	0.7823614496415239	0.7159024543220037
CCC	Pro	P	3.739503453685338e-05	1.0624726119014896e-05	0.10710400378294653	1.092548251854638e-05	1.9162157928014278e-05	1.7039044330146442	0.8037476157655294	0.7743632604214314	0.7974451260139792	0.7555416157834577	0.7720875074730715	0.8141639329796055
CCG	Pro	P	4.010494428879449e-05	1.1122594814353696e-05	0.10494085871346968	1.1921916360836824e-05	2.0076975907403973e-05	1.6707978522192828	0.8619928755717715	0.8106494876489115	0.781339383636586	0.8244490744652557	0.8089476323166275	0.7983448626693243
CCT	Pro	P	4.6525841947582615e-05	1.3720596859454056e-05	0.13272266122234433	1.4240274905028613e-05	2.4818634860094022e-05	2.092827210828223	1.0	1.0	0.9881893819567471	0.9847730104992588	1.0	1.0
CAA	Gln	Q	2.4788134406246048e-05	7.852062616122298e-06	0.06477741836052629	9.748506508439966e-06	1.6221758927771734e-05	1.1180905830000716	0.5327820705356195	0.5722828749036456	0.4823016388075966	0.6741489308466938	0.6536120547812548	0.5342488750218392
CAG	Gln	Q	3.4966693784385204e-05	1.136444626612394e-05	0.0899093721700313	1.3354489533094001e-05	2.233696708580665e-05	1.6932589065879924	0.7515542399808629	0.8282763776630729	0.6694221325774968	0.9235173442151604	0.900007885676353	0.8090772605722648
AGA	Arg	R	1.9960830489532276e-05	5.962308949558634e-06	0.054229780820789275	7.80256283893819e-06	1.1910955235859406e-05	0.8720401088448336	0.42902674414835384	0.434551718896278	0.4037689803640229	0.5395790002479145	0.47991983858109283	0.4166804140986533
AGG	Arg	R	1.0816301257899374e-05	3.475889679818874e-06	0.03200512694730572	4.698457771853539e-06	6.7443202901782315e-06	0.564279242425332	0.23247943089531484	0.25333370810496797	0.23829484977340656	0.32491749180052454	0.271744208664049	0.26962533720212
CGA	Arg	R	9.560691980994994e-06	3.051302423813477e-06	0.031105182965390027	5.0893379032229125e-06	6.832361493259601e-06	0.5624748960550275	0.20549207882721074	0.22238846130888276	0.23159429781721022	0.3519484449443459	0.27529159165177863	0.26876317984819764
CGC	Arg	R	1.6171317993175013e-05	5.095766263818089e-06	0.04859129183502908	6.791930439583544e-06	1.0200307782264545e-05	0.8850700349003049	0.3475771166353979	0.3713953784967376	0.36178749133500215	0.4696896535142277	0.4109939100101617	0.4229064063774496
CGG	Arg	R	3.523114259249402e-05	1.0134471301868885e-05	0.13430893272657485	1.2040881631016943e-05	2.016828068595323e-05	1.7128368252479265	0.7572381523409392	0.7386319564433391	1.0	0.8326760074452337	0.8126265122817808	0.8184320312664906
CGT	Arg	R	2.3595725100271645e-05	7.018296700498577e-06	0.06527281035129945	9.083837073636834e-06	1.3960779539725162e-05	1.0896293537141566	0.5071531027177387	0.5115154079950014	0.4859900903552064	0.628184332223195	0.5625119841773712	0.520649458338676
AGC	Ser	S	1.4269844786261332e-05	4.415010903602457e-06	0.04020519908522102	5.509450429047535e-06	8.196580751776266e-06	0.6631064047836883	0.30670793238600946	0.3217797992920645	0.299348660353593	0.38100093722865336	0.33025912980232364	0.31684718229617637
AGT	Ser	S	1.8311323665223507e-05	5.853175518765682e-06	0.04744044180735593	7.111950860956543e-06	1.0543566990474645e-05	0.7778316604267053	0.39357318210068254	0.42659773322707917	0.353218813107054	0.491820369099321	0.42482461464581545	0.3716654946009056
TCA	Ser	S	2.2917282857131114e-05	7.427381743609639e-06	0.06266872840987511	8.806167855715543e-06	1.4560241136037952e-05	1.0348135609960079	0.4925710507925982	0.5413308050437957	0.4666013431694499	0.608982374853765	0.5866656735197558	0.4944572373877378
TCC	Ser	S	2.4018946380751346e-05	7.172805762136013e-06	0.070042389981843	8.937610979585932e-06	1.4327908210821816e-05	1.132332043284807	0.5162495803474507	0.5227765115184223	0.5215020963976744	0.6180722022388783	0.5773044444865787	0.5410537656554522
TCG	Ser	S	2.2659996015671975e-05	6.500528095967887e-06	0.05951276313484032	9.38285470651002e-06	1.4103828131243244e-05	1.088477159555543	0.4870410736725924	0.4737788131635655	0.443103536947881	0.648862619438908	0.5682757416251304	0.520098914006754
TCT	Ser	S	2.889350293469851e-05	8.365649097379227e-06	0.0780764890176865	1.0514964260046863e-05	1.7124471274418284e-05	1.2571449555982264	0.6210205280594552	0.6097146635144337	0.5813201507351269	0.7271526061622513	0.6899844157807723	0.6006921876272429
ACA	Thr	T	3.0625420552883044e-05	9.71780150116532e-06	0.08055384049783453	1.0391331880819153e-05	1.7804829479603918e-05	1.2951361153966299	0.6582453808656821	0.7082637585455588	0.5997653235903933	0.7186029235824392	0.717397615943509	0.6188452198517086
ACC	Thr	T	2.6383846261417768e-05	7.81869334301956e-06	0.07481250239309137	8.792844213677141e-06	1.572135874246152e-05	1.1941387568532014	0.5670793940954919	0.569850817942527	0.5570180692701514	0.6080609907394501	0.633449778002897	0.5705864061183668
ACG	Thr	T	3.2200922002018865e-05	9.700961593794364e-06	0.0866186220723527	1.1000348529940378e-05	1.889740369593881e-05	1.377684611322673	0.6921083134464793	0.7070364134421748	0.6449207831074815	0.7607189054015469	0.7614199492625607	0.6582887513095088
ACT	Thr	T	2.901956374028445e-05	8.294710254964184e-06	0.07751883290923874	1.003444140961034e-05	1.772988334456481e-05	1.2619047157251475	0.6237300073576045	0.604544418871165	0.5771681103821368	0.6939224938790285	0.7143778634284497	0.602966508269814
GTA	Val	V	1.527920081160066e-05	4.989879452311588e-06	0.03982382811879435	6.077984972863613e-06	9.770685958642876e-06	0.6866366143212913	0.3284024570434353	0.3636780165925038	0.29650915475493655	0.42031741658179245	0.3936834565527695	0.32809044663059367
GTC	Val	V	1.654555348179416e-05	4.735969881486602e-06	0.04570859061453712	5.979435310987377e-06	1.0404960882878138e-05	0.7588225710117168	0.35562072149999713	0.3451722931589032	0.34032427841259333	0.4135023060690541	0.41923985511420353	0.36258252333761354
GTG	Val	V	2.226356754706265e-05	6.058597177378564e-06	0.058371264120390676	8.253176400545869e-06	1.3285688399730255e-05	1.008065227632963	0.47852046551130534	0.44156950600905825	0.43460448188671463	0.5707407633877178	0.5353110062105939	0.4816762809740167
GTT	Val	V	1.934149074761701e-05	5.518755529033508e-06	0.0521728257924919	7.1827456674879134e-06	1.1691768409763923e-05	0.8387318434152675	0.4157150077887403	0.40222415872753076	0.3884538781847441	0.4967161183190914	0.47108829618034964	0.40076497432549374
TGG	Trp	W	1.4176771369694323e-05	4.34813366924599e-06	0.041275799933283217	6.407552875690202e-06	8.855569614042233e-06	0.7553623095565332	0.3047074652763144	0.31690557734373975	0.30731984161702924	0.443108379396412	0.3568113098871984	0.3609291324426173
TAC	Tyr	Y	1.920658449767598e-05	5.943482016111288e-06	0.053586048808840735	7.279601430494731e-06	1.1232318359063363e-05	0.877617529618468	0.41281540953766477	0.433179553119512	0.3989760600505316	0.5034140888257383	0.4525759947064555	0.41934543142295844
TAT	Tyr	Y	2.425159492851265e-05	8.090304976909604e-06	0.06463379138753314	9.384893458920457e-06	1.4194052715815754e-05	1.0421718241382845	0.5212499959879331	0.5896467230822433	0.4812322611416632	0.6490036074719535	0.5719110980853513	0.4979731813243443
