	A	C	G	T
0	0.31821473727050864	0.1930514808851995	0.22839045060393595	0.2603433312403559
1	0.32083518922644716	0.2036648393895584	0.20184298135093537	0.2736569900330591
2	0.3113120037645945	0.204981728611333	0.20470817618722553	0.27899809143684695
3	0.30735851597118713	0.19230066325541761	0.23540112312983344	0.2649396976435618
4	0.32303781985298285	0.233992607393657	0.18776318776219242	0.25520638499116777
5	0.35603901398368804	0.22662079258317375	0.11924668296258326	0.29809351047055493
6	0.27009146338934603	0.22073944311317809	0.18060868870403227	0.3285604047934436
7	0.3222596856884306	0.1816619235983065	0.23060646301471138	0.26547192769855155
8	0.31659244476627085	0.1301379623247477	0.23790268733322883	0.31536690557575264
9	0.2768466101922194	0.256841285126838	0.2605363164758795	0.20577578820506312
10	0.2881273437130636	0.21370797905474284	0.1996031913896513	0.2985614858425423
11	0.27507263903438817	0.2289385507914745	0.2015749032931078	0.2944139068810296
12	0.3012121297579639	0.19108391622892473	0.214156766496436	0.2935471875166754
13	0.2906551738152766	0.22042231694534786	0.20555576291791464	0.28336674632146086
14	0.2873591629417475	0.2239056175016043	0.20549250357423587	0.28324271598241235
15	0.30988778378575654	0.20875959431075103	0.21780474041412198	0.2635478814893705
