	A	C	G	T
0	0.2888681795676174	0.20326450774230093	0.23295420556439606	0.2749131071256856
1	0.29933605027561516	0.22015385099641688	0.2033847457897663	0.2771253529382017
2	0.2822886521687826	0.23305766100598072	0.1751434241498566	0.3095102626753801
3	0.29569952064402244	0.19853718331782122	0.23005961629144986	0.27570367974670645
4	0.3136293854627427	0.21657542647585118	0.20304804942111945	0.2667471386402867
5	0.2571852302924097	0.22409477980400602	0.23394079902210366	0.2847791908814806
6	0.25247588190356224	0.16745915374791392	0.31345305621695596	0.2666119081315679
7	0.2917940963715409	0.21637836138813185	0.23726867788421016	0.2545588643561171
8	0.20876733773718856	0.26260541527700476	0.16418617265437724	0.36444107433142947
9	0.26694733648110375	0.2042467750171593	0.24741559057840914	0.2813902979233278
10	0.36905487375079604	0.24378032896592744	0.15013487993872932	0.2370299173445472
11	0.3170525149368922	0.23851969062123837	0.1598319442059657	0.2845958502359038
12	0.3056857678579234	0.19520124880489198	0.2442270446397923	0.2548859386973923
13	0.3142279650724882	0.19743244031471338	0.22789107984358312	0.2604485147692153
14	0.28910604503496673	0.22170695063929793	0.1954732761988785	0.2937137281268568
15	0.29111883890026047	0.18866654961109855	0.24691815414010476	0.27329645734853625
