	A	C	G	T
0	0.32166826098261764	0.19377354381050838	0.22576742765163368	0.2587907675552403
1	0.3183395345754034	0.20901319469037488	0.19522031957306019	0.2774269511611615
2	0.31237980733607984	0.19975033106182166	0.21483629725740788	0.2730335643446906
3	0.311729791963997	0.19340068134507207	0.23216775138704765	0.2627017753038833
4	0.31921205298521654	0.24464859592125474	0.1785406157319768	0.25759873536155187
5	0.36770810088163397	0.22174531296049835	0.11874028582315173	0.291806300334716
6	0.2794632370837818	0.2241747743289325	0.16863178486977898	0.3277302037175067
7	0.321314265733831	0.189731405291741	0.2243024352661098	0.26465189370831815
8	0.3145491758098572	0.12798355935319133	0.26051990097385924	0.29694736386309223
9	0.2826170983681014	0.2531836620891618	0.2608580651098249	0.20334117443291183
10	0.28459519230067204	0.21944922329596683	0.19391414433305076	0.30204144007031036
11	0.27584658683014784	0.22001010733422205	0.21532850751858584	0.28881479831704426
12	0.30475029527916936	0.19572908382892307	0.2124549075329278	0.28706571335897973
13	0.2885612836473496	0.22896379438955483	0.19674682920520803	0.2857280927578876
14	0.29247843589183636	0.21849032050340914	0.21556886573835624	0.27346237786639827
15	0.31795344337185644	0.2101617816840386	0.2148312370843601	0.2570535378597449
