	A	C	G	T
0	0.28758230122423356	0.2165137407779874	0.21024262403433916	0.2856613339634399
1	0.2972998252148204	0.20853322627882634	0.22092373978266383	0.27324320872368946
2	0.29473916197803246	0.2229849341839579	0.18121509997653001	0.3010608038614796
3	0.2906375904004258	0.21102413735551998	0.20170214063958178	0.29663613160447244
4	0.3087440223663735	0.20219886275789054	0.22028267044807703	0.26877444442765897
5	0.280583159862482	0.21966082813378565	0.23252529491610838	0.26723071708762397
6	0.2637651551024211	0.1871735969352997	0.2671088495830447	0.28195239837923447
7	0.2941207169192068	0.1944101847694966	0.2438166878537347	0.2676524104575619
8	0.219883890482025	0.25635097031760073	0.17470747642684187	0.3490576627735324
9	0.264863769694414	0.21614054865097515	0.2188236576485918	0.30017202400601906
10	0.36025306517374395	0.23807604893695902	0.16452821482104016	0.23714267106825687
11	0.3300625232341554	0.22785247844604042	0.16751635399026085	0.2745686443295433
12	0.3000608542420553	0.21430263344401398	0.21999137386239828	0.2656451384515324
13	0.30763550513610816	0.19297198919499284	0.242192149202834	0.257200356466065
14	0.30228251475258183	0.21388289168891808	0.20346994227629273	0.28036465128220733
15	0.28799040557230854	0.20382658181816343	0.2220696991050834	0.28611331350444463
