	A	C	G	T
0	0.2904669157647835	0.19960167081295713	0.23146242136064454	0.2784689920616148
1	0.29986123003336385	0.2153213587978268	0.20548731325796693	0.2793300979108424
2	0.28482693232119394	0.2253645711174239	0.1761859391488886	0.31362255741249356
3	0.297992662409462	0.19675151771702892	0.22213312959615386	0.28312269027735526
4	0.3172584543907496	0.21349912523721326	0.19728513352227459	0.2719572868497625
5	0.2692653220057054	0.22024919100614915	0.2246347819750099	0.28585070501313553
6	0.2655850814489801	0.16635526637497217	0.2943858486260623	0.27367380354998544
7	0.2964804468594186	0.2058409560608217	0.2317002842965234	0.2659783127832363
8	0.2136978419716504	0.2501833734139568	0.167198844899543	0.36891993971484977
9	0.26323271543155424	0.1938720602612644	0.2513275704374522	0.29156765386972916
10	0.3620030602598268	0.24054561179375525	0.15608265067997726	0.24136867726644065
11	0.3150367415851978	0.23603019698169517	0.16328942213239975	0.2856436393007073
12	0.3047805473899602	0.19886591021608593	0.23979182625102247	0.2565617161429314
13	0.31328384324578185	0.19921982947516556	0.2270988915985285	0.2603974356805241
14	0.29178550137492737	0.21889450021303716	0.1977199438727514	0.29160005453928406
15	0.29239768603928135	0.18969325854860702	0.24268516180927552	0.2752238936028361
