	A	C	G	T
0	0.31417030365074927	0.19252926122402578	0.2312551973788054	0.2620452377464195
1	0.3177985850299378	0.20045672782130952	0.20778930247782376	0.2739553846709289
2	0.30856459400098285	0.20303538857371842	0.20784964950980905	0.2805503679154897
3	0.3042864444602916	0.1899441853359547	0.23729295895596203	0.26847641124779165
4	0.3234567346840128	0.22403608110999154	0.19299987855999	0.25950730564600566
5	0.3441354023289628	0.23258760613692764	0.1197352249728401	0.30354176656126947
6	0.2570171140900548	0.237316978417395	0.171427865976776	0.33423804151577424
7	0.3183781104829583	0.1831316096410836	0.23333802782020552	0.2651522520557526
8	0.310223130353468	0.13748359291757087	0.2486444669156535	0.3036488098133076
9	0.2627829783475744	0.2662787797158781	0.27556364426252644	0.195374597674021
10	0.28037305654957007	0.22020691647105475	0.20703776187553502	0.29238226510384013
11	0.2671049149188903	0.2393384175023997	0.2004912651214445	0.2930654024572655
12	0.2956410048310447	0.1993584715148582	0.2136419202559848	0.29135860339811226
13	0.28704315655705936	0.22527024877896099	0.2111602324845164	0.27652636217946325
14	0.28226693886733767	0.23034066757393593	0.20684157807563236	0.280550815483094
15	0.3014871328789428	0.21689693025315318	0.2173865692123019	0.2642293676556021
