	A	C	G	T
0	0.32284209718822743	0.19282287976245477	0.2302788290369359	0.25405619401238194
1	0.31688082260744777	0.21752808800303294	0.18871783436803874	0.2768732550214805
2	0.30575005802720334	0.2043379928581524	0.21869391063391358	0.27121803848073067
3	0.30919607225515294	0.1964356867423935	0.24302912607948482	0.25133911492296873
4	0.3176193775586543	0.24658505283373783	0.1813464432469285	0.25444912636067935
5	0.3594540682311113	0.20706715837886916	0.12590598285749383	0.3075727905325257
6	0.29251600773827596	0.19979147206073408	0.17818063689573085	0.3295118833052591
7	0.3132091127745439	0.20667062476736703	0.21727994616851495	0.2628403162895741
8	0.3147851834165283	0.13019207805959992	0.26333068007389004	0.2916920584499818
9	0.3088541989125665	0.24741590865420549	0.23675542958260126	0.20697446285062676
10	0.29110993645250416	0.2268457398906252	0.17836938255355708	0.30367494110331356
11	0.28056652310124014	0.20957413089309107	0.230231913950529	0.2796274320551398
12	0.3061840349095602	0.18594333239684047	0.22640396849338687	0.2814686642002125
13	0.28193337515074124	0.23182214298346898	0.19492207088420632	0.2913224109815835
14	0.28805221732982117	0.21594284153973242	0.21940557944201633	0.2765993616884301
15	0.3258502866087521	0.19855594278727412	0.22267508244056128	0.2529186881634125
