	A	C	G	T
0	0.32426054671674354	0.19344280798280591	0.22944138017470725	0.2528552651257433
1	0.31448241342048333	0.22164645020997592	0.1846476312147568	0.27922350515478395
2	0.30418811713994626	0.20124484714694663	0.2267081124215443	0.26785892329156286
3	0.3106774119143863	0.1981942545732339	0.2441127490940598	0.24701558441832003
4	0.31247068552342316	0.2534055259368169	0.1789926580401359	0.255131130499624
5	0.36875979050856933	0.1870273260071717	0.1290101150742411	0.3152027684100179
6	0.29391909801286464	0.19008388679767255	0.18409574669764522	0.33190126849181756
7	0.30699993715818796	0.2080320261534281	0.21717932771197526	0.2677887089764087
8	0.31527219281412655	0.12508583700027595	0.26954020506792886	0.29010176511766866
9	0.31829044291892145	0.24131352376859888	0.22638108924871386	0.21401494406376584
10	0.2921351278005857	0.22624184548497378	0.17379052331431227	0.3078325034001282
11	0.2825130458197556	0.1974420837221451	0.2456912985505659	0.27435357190753334
12	0.30837991175464874	0.1842775140060005	0.22851270808889976	0.278829866150451
13	0.28033429562052253	0.23187987945606375	0.19150225984773322	0.2962835650756805
14	0.28851895891830637	0.20723917488349688	0.23129753947975407	0.2729443267184427
15	0.32732448001033554	0.194710527442914	0.2279921567099257	0.24997283583682475
