	A	C	G	T
0	0.2888817431295398	0.20373890114911306	0.23270926868449918	0.274670087036848
1	0.2971936204459463	0.2152508993537785	0.2140227681882187	0.2735327120120564
2	0.28553770764739667	0.22269560129541124	0.18619481268841007	0.305571878368782
3	0.29487479655198623	0.19852523519917106	0.2224851262018555	0.2841148420469872
4	0.31481173497587855	0.21025580369329822	0.2050252277785748	0.26990723355224844
5	0.27738179777211214	0.21757053276732924	0.22945814806203257	0.27558952139852605
6	0.26903466138020393	0.16799330437351953	0.2980699703760803	0.2649020638701962
7	0.3080359660559441	0.1840226917335907	0.2597432653591726	0.2481980768512926
8	0.20216627442444282	0.24125140935112058	0.19635401371056346	0.36022830251387317
9	0.24165338080116355	0.20441538968699025	0.2589576715698069	0.2949735579420393
10	0.3566939399813181	0.23696068568108256	0.16071482378782312	0.24563055054977623
11	0.3157317090172837	0.23131599552245719	0.16822203863117433	0.28473025682908476
12	0.30304069050222143	0.20360578014977013	0.23540002185702893	0.2579535074909795
13	0.3102440656592345	0.19990060898359868	0.22795064269109497	0.2619046826660718
14	0.29301964749019693	0.21863397166951273	0.20191127575340415	0.2864351050868862
15	0.29237769845485195	0.1948047731073994	0.23615422427560365	0.27666330416214496
