	A	C	G	T
0	0.28914956631946304	0.21474880648669578	0.20385385382310825	0.29224777337073293
1	0.28614898861698834	0.20655259229395972	0.2329328321488663	0.27436558694018565
2	0.2971629393902084	0.19284556335820036	0.23701417771209285	0.2729773195394984
3	0.29042576839124123	0.21735614633573141	0.19660435910435142	0.295613726168676
4	0.28576900202797	0.20075884989204607	0.20701375384714482	0.3064583942328391
5	0.31445035466438803	0.18966596195096874	0.24674802123958295	0.24913566214506028
6	0.3026324645974042	0.18828532938474907	0.2447822268776186	0.2642999791402281
7	0.29036741017375917	0.18366871171997112	0.24323424225013843	0.2827296358561313
8	0.2361425341103781	0.19538054779323008	0.22606595672066834	0.34241096137572347
9	0.25586006454155585	0.18589299349485777	0.26627305730978795	0.2919738846537984
10	0.32417379902079296	0.22487158778844207	0.18782078919792028	0.2631338239928447
11	0.31752714907646146	0.2029694416189219	0.20958366545594573	0.2699197438486709
12	0.303344478729044	0.21973492381268891	0.20345372706730475	0.27346687039096235
13	0.2937942222556478	0.2074762756294592	0.22572124833229326	0.27300825378259974
14	0.3087499415320866	0.1959490796909103	0.23196851745292443	0.2633324613240786
15	0.29887595052592164	0.21130014298202066	0.20773033132812158	0.2820935751639361
