	A	C	G	T
0	0.32475968707908554	0.19278101795656064	0.22722416639454435	0.25523512856980946
1	0.3226144215220925	0.2085136158985206	0.19464486682643212	0.2742270957529548
2	0.31453335204890914	0.19904239287711337	0.21384657921379652	0.272577675860181
3	0.3109750019723075	0.1936544928091157	0.23620832582587967	0.25916217939269715
4	0.3243430264500949	0.24563876099180257	0.17672543484318168	0.25329277771492087
5	0.37975357207206745	0.20190900824670915	0.10945918670089529	0.3088782329803281
6	0.2868935788742718	0.22284532664607662	0.1657766766357845	0.3244844178438671
7	0.323925341245787	0.19433012704685143	0.23270310729786947	0.24904142440949212
8	0.3115694996027819	0.13060681156210802	0.27351574774701987	0.2843079410880902
9	0.29921390190628094	0.24459340143246364	0.24914959028940692	0.20704310637184853
10	0.2880777927837404	0.22522302443216938	0.18723186924935759	0.29946731353473266
11	0.2812635375063115	0.21929868600167143	0.21777143451814734	0.2816663419738697
12	0.30718948891109454	0.19345679856219883	0.21967236325664094	0.2796813492700657
13	0.28823157665992055	0.22850059208256007	0.1999477759324038	0.28332005532511556
14	0.2903723536012383	0.21858587431671195	0.2164485614157523	0.27459321066629744
15	0.3166051409188694	0.20922998920243985	0.22034253309268498	0.2538223367860058
