	A	C	G	T
0	0.287919215740066	0.20661011765355597	0.22695098437726313	0.2785196822291149
1	0.2958109884736179	0.2181375512935239	0.2097377261928394	0.2763137340400188
2	0.28645028426201763	0.22571794965565187	0.18142758392142974	0.30640418216090076
3	0.2964534050160367	0.20058456594938395	0.22014705516373795	0.2828149738708414
4	0.3152040230425603	0.21088418365020106	0.2048153238408354	0.26909646946640325
5	0.27272815786676735	0.21667524065889543	0.23494783379050257	0.2756487676838346
6	0.26371999409420765	0.1708894990190831	0.2973746369587086	0.26801586992800064
7	0.29920195079646217	0.1988670023278496	0.24522622584623824	0.25670482102945
8	0.2105906076637353	0.24942983827966808	0.18139642701121847	0.35858312704537815
9	0.2543767766984635	0.21271441844828695	0.23910143938304332	0.29380736547020625
10	0.3698251633878108	0.24063595615708644	0.1525293549697823	0.23700952548532048
11	0.3223362681974368	0.2317942481773305	0.164686158196018	0.28118332542921465
12	0.3053085494133212	0.20256778117660723	0.2346349794658436	0.25748868994422797
13	0.31170553043334936	0.19919060578653147	0.22847868557719753	0.2606251782029216
14	0.29550191192432207	0.2166750459282066	0.2005089325498461	0.28731410959762527
15	0.2924430043720545	0.19427856310717273	0.23649165869147132	0.2767867738293015
