	A	C	G	T
0	0.29080272607679497	0.20147320794548992	0.23387200915366538	0.2738520568240497
1	0.29817421756134316	0.2186918393198674	0.20411945780017857	0.2790144853186109
2	0.2857164569768531	0.22329433381262906	0.1831911535273722	0.30779805568314567
3	0.30040673962733	0.19644404462444912	0.22569255625346002	0.2774566594947609
4	0.31761088805103155	0.21340991271516613	0.19682687912292574	0.27215232011087664
5	0.2647690990883285	0.21258994642024137	0.2427292421182048	0.2799117123732253
6	0.2604426066822132	0.16522739361460473	0.31180135250934743	0.2625286471938347
7	0.29993320771530463	0.20469492104947096	0.24024054253683916	0.2551313286983853
8	0.20896794218141762	0.24953887221208018	0.17949899233356295	0.36199419327293925
9	0.2623449395000893	0.20997635203989057	0.23988606818892574	0.2877926402710944
10	0.37176897347764226	0.2436468444266219	0.14651740379837683	0.23806677829735898
11	0.3209589827968428	0.2329331504993892	0.16449377434120058	0.2816140923625674
12	0.30881527646218193	0.1977885360341595	0.2392373641624507	0.25415882334120793
13	0.3123143132908937	0.20062785518569207	0.22417944585146893	0.2628783856719453
14	0.29269217292334726	0.21630529134878287	0.2016910028881647	0.2893115328397052
15	0.2949527247303762	0.19019319209904928	0.24177353257835124	0.27308055059222325
