	A	C	G	T
0	0.32159664133907445	0.19424783438066592	0.2273826760348622	0.2567728482453974
1	0.31953211197755377	0.2102255824424147	0.19517196989835228	0.27507033568167927
2	0.3099785136018301	0.20305361434321653	0.2119509712508664	0.275016900804087
3	0.30780981321631634	0.1959378698105086	0.23709477988923508	0.25915753708393996
4	0.31829807216137335	0.2508676645675036	0.1790546974340014	0.2517795658371217
5	0.37926888673290254	0.20677057681331124	0.11673460722441344	0.2972259292293728
6	0.2873360689471845	0.20863432057418205	0.17839323841895732	0.32563637205967616
7	0.31997740262415625	0.1935539905913235	0.23278985385021234	0.2536787529343079
8	0.31254482704956266	0.13125018272659109	0.2636534433336167	0.29255154689022955
9	0.296728373155361	0.24649904847236073	0.25013549879524144	0.20663707957703686
10	0.28627681695450885	0.22320746900844568	0.1909493551606712	0.2995663588763743
11	0.27885314719284726	0.21884389054486034	0.22123226764936466	0.2810706946129277
12	0.30413621036069893	0.1893629510085833	0.2285445697705224	0.27795626886019537
13	0.28505806994841376	0.22718881717760395	0.2059168781797238	0.2818362346942585
14	0.28563838711229916	0.22080074053183896	0.217127947295579	0.2764329250602829
15	0.31327582337164184	0.2063330225294578	0.22686910748911399	0.2535220466097864
