	A	C	G	T
0	0.2911168045852729	0.207350826082252	0.2265811806449328	0.2749511886875423
1	0.2994230454570867	0.21867824107748918	0.208216799404361	0.2736819140610631
2	0.28905868490113484	0.22664816173733635	0.18168067610607347	0.30261247725545537
3	0.2987948476953382	0.20292270752698685	0.21775923902454064	0.28052320575313433
4	0.31611509468921406	0.21374320298022442	0.20171807233782355	0.26842362999273794
5	0.2749877770482872	0.21742755333826838	0.23349140480864727	0.2740932648047972
6	0.26559793528465403	0.17318002907750205	0.2951556229822129	0.266066412655631
7	0.29782593911833366	0.20169343617492203	0.24253721841231687	0.2579434062944274
8	0.21537777580038014	0.24916493164660014	0.1804140846260489	0.3550432079269708
9	0.26092321117796863	0.2065125135608661	0.24239847534837242	0.29016579991279284
10	0.36529033937509614	0.24272903899158185	0.15325186129869556	0.23872876033462642
11	0.32072839913432916	0.23183570830822153	0.1654071977208671	0.2820286948365822
12	0.3057367817716982	0.20202829285245885	0.23450270709963478	0.2577322182762082
13	0.31079407377833174	0.19950915982293574	0.22850704560109847	0.2611897207976341
14	0.2946534355348696	0.21693024433902444	0.20148668754447316	0.2869296325816328
15	0.29323258752594483	0.19443967169605395	0.23653862984492097	0.2757891109330803
