	A	C	G	T
0	0.32519057080148894	0.19207865860361384	0.22585126544563597	0.2568795051492613
1	0.32567571318518856	0.20439578982986475	0.19731427511499897	0.2726142218699477
2	0.3186923394315843	0.19816829974254244	0.20768174968040853	0.27545761114546474
3	0.3112552702577373	0.19237561486799215	0.2320335401967093	0.26433557467756125
4	0.3198927212450839	0.2550510652424809	0.17393689987793512	0.25111931363450013
5	0.39375552524800145	0.1985405965428387	0.10465604511972867	0.3030478330894312
6	0.2936556549791172	0.21001284534108006	0.17330322428855513	0.32302827539124757
7	0.32537655398116355	0.18137457486018493	0.24746133235111598	0.24578753880753554
8	0.31224108574964604	0.1302518907280253	0.2680354118142331	0.28947161170809554
9	0.29302820269423924	0.23938744839889245	0.25770312920967997	0.20988121969718831
10	0.2852782059435752	0.2168465293456895	0.20100023373189652	0.29687503097883877
11	0.2790958761190107	0.2187137960637434	0.21627431577245307	0.28591601204479283
12	0.3031937227675355	0.1899375664874722	0.2227200621052745	0.28414864863971784
13	0.2880179469087139	0.22119716992749464	0.20838580919150132	0.2823990739722901
14	0.2889011604865765	0.21738795683736292	0.21525540111235233	0.27845548156370825
15	0.31484105019420017	0.2059622451391586	0.22177164151386894	0.2574250631527723
