	A	C	G	T
0	0.2855955284877679	0.21574112274757642	0.21023331859455596	0.2884300301700997
1	0.2910422170278062	0.20546709000697083	0.23257307286539786	0.2709176200998251
2	0.29574363051009783	0.2080709406753359	0.21076663740614882	0.2854187914084174
3	0.2891089609990642	0.21599392138884663	0.19695978681453588	0.2979373307975533
4	0.3006996183899691	0.20158030473162106	0.21240477260157967	0.28531530427683016
5	0.30396592481487245	0.20624723894557168	0.23590888041918898	0.2538779558203669
6	0.2880563321200972	0.19137088979005235	0.2483365109505959	0.27223626713925464
7	0.29069155448326184	0.18785908505537302	0.24396583208093187	0.2774835283804333
8	0.23394588047226436	0.2177046652867067	0.2029856185442626	0.3453638356967663
9	0.2525335603144509	0.1959058261183368	0.2589308703987934	0.29262974316841883
10	0.33955005886632167	0.22580300193577169	0.1825348743741199	0.2521120648237868
11	0.3210187592869589	0.21404201991885582	0.19014477938496877	0.27479444140921655
12	0.299766754408759	0.21933298449587166	0.21043032889177218	0.27046993220359716
13	0.300431084574735	0.20025011527618042	0.23401375382453515	0.26530504632454943
14	0.3059931479483208	0.20480206926909672	0.21843272537356487	0.27077205740901766
15	0.2927750098998414	0.2089615811176334	0.21394168968737415	0.28432171929515104
