	A	C	G	T
0	0.32387887251156255	0.19387741032292713	0.22638162219741012	0.2558620949681002
1	0.3227728829989684	0.20824600385092346	0.195057054569394	0.27392405858071417
2	0.3140922188428206	0.1998162176116843	0.2128030935144027	0.27328847003109236
3	0.30933737926719346	0.19613464942255235	0.23460185662901564	0.2599261146812386
4	0.31945012359272135	0.25004317624140554	0.1758753520411943	0.2546313481246788
5	0.3926006088220065	0.1975224043210985	0.10698270247203359	0.30289428438486143
6	0.2877490248635167	0.216387870580492	0.16805942016781128	0.32780368438818
7	0.3205383907870119	0.18919645918207334	0.2390513270277195	0.2512138230031952
8	0.310691208584987	0.12962419103459466	0.2699621661611846	0.2897224342192337
9	0.2970435044353704	0.24094266841713835	0.2510734466621708	0.21094038048532043
10	0.28566608768566853	0.2205216500124913	0.1933831718680827	0.30042909043375743
11	0.27884381309194006	0.21637260212164583	0.21976212208519472	0.2850214627012194
12	0.30320105576718903	0.190850282556074	0.22363516921230567	0.2823134924644313
13	0.2855681670082725	0.2258164555192012	0.20398544168029079	0.28462993579223556
14	0.286868400919504	0.2185227672585973	0.21749833936034974	0.277110492461549
15	0.31297816664915207	0.21028161659637853	0.2226582994473519	0.2540819173071175
