	A	C	G	T
0	0.2878532998587871	0.21327333780948313	0.21534924675972522	0.2835241155720045
1	0.2957165429846849	0.2076991456264531	0.22467576257258523	0.27190854881627674
2	0.29321435004919144	0.2174845297796231	0.19142888695454272	0.2978722332166427
3	0.2911140868129519	0.20711304713688075	0.20534282646605453	0.2964300395841128
4	0.3075160265898415	0.1998462320770301	0.2199940290009158	0.27264371233221263
5	0.28831451964740035	0.21367140441509613	0.23372455554477808	0.26428952039272546
6	0.27184212040171135	0.18111056383951196	0.2723156013136198	0.27473171444515687
7	0.30261737191220195	0.179129048742584	0.2545032124562935	0.2637503668889205
8	0.219168838607086	0.23260904526579973	0.1956512483041229	0.35257086782299135
9	0.2519728861214582	0.2096155759935604	0.2416203830257345	0.2967911548592469
10	0.3525278699111614	0.23623304700251227	0.1689157009982318	0.24232338208809448
11	0.32442663502289093	0.22418204240920994	0.17294297611894296	0.27844834644895616
12	0.2994751651367556	0.21517834685626058	0.2209678645196264	0.2643786234873574
13	0.30623272367837057	0.1955914543329844	0.23855778957141074	0.25961803241723425
14	0.30087562056190376	0.21288593670153108	0.20747500221498033	0.2787634405215848
15	0.28950225298140553	0.2035272564350952	0.22187989054008148	0.2850906000434178
