	A	C	G	T
0	0.28382828325444504	0.22619789060384657	0.20095135913406773	0.28902246700764067
1	0.28527940767292986	0.2137237320151521	0.2283773542987665	0.27261950601315155
2	0.2963694652917336	0.20569907593089162	0.22217231808741247	0.2757591406899623
3	0.2882807230414867	0.22449426669137545	0.19234934009940832	0.29487567016772953
4	0.28959219302325956	0.2049637939864746	0.21266785902538826	0.29277615396487755
5	0.3063271203575581	0.20168375720101533	0.2454904968226613	0.2464986256187653
6	0.2892067681399898	0.2007177650590474	0.24334120703089326	0.26673425977006954
7	0.286594081963002	0.19473313185354815	0.23841362172820096	0.2802591644552489
8	0.23358350080294626	0.21645487078893808	0.2113307545772209	0.33863087383089474
9	0.2603963515745704	0.20671137032778472	0.24421860004838505	0.2886736780492598
10	0.33513134192693217	0.23192003755449328	0.18033585423387927	0.2526127662846953
11	0.3223889293284464	0.208277849845045	0.20164776213778632	0.2676854586887223
12	0.3000245663636281	0.22339807282217852	0.20535210274721372	0.27122525806697967
13	0.29460901831208786	0.20508593153781698	0.23107719766149581	0.2692278524885993
14	0.3074076665212267	0.1999696124762948	0.22739769044138813	0.2652250305610904
15	0.2944543036263691	0.21371150223847638	0.20807277411388858	0.2837614200212659
