	A	C	G	T
0	0.32184072700745664	0.19455267840256238	0.2262203046068649	0.2573862899831161
1	0.30618992841737075	0.2220318280209452	0.18785631814539883	0.28392192541628525
2	0.302984650762751	0.19745922552574144	0.2316438687681529	0.2679122549433547
3	0.3020990880573537	0.19985895090516206	0.24393529751995974	0.2541066635175245
4	0.3011359718508565	0.26000238535768533	0.17923858592193515	0.25962305686952303
5	0.3614141635232662	0.18490629405948195	0.11224250915700146	0.3414370332602504
6	0.27838849379510566	0.2249457459314189	0.1541376902591147	0.34252807001436075
7	0.29311543363276354	0.219582002652522	0.22823829798052714	0.2590642657341873
8	0.3001354141813627	0.13059357964902127	0.2937119867001087	0.27555901946950734
9	0.29942878000811746	0.24709629703930963	0.23896717323737637	0.2145077497151965
10	0.27155951277814105	0.23420313430445058	0.17898947467597778	0.3152478782414306
11	0.27057129316564044	0.2041500843981851	0.24851132796537054	0.2767672944708039
12	0.29925797002428994	0.1950298033511338	0.22522332550801416	0.2804889011165621
13	0.266381321057661	0.24210141359415666	0.19324062485261764	0.29827664049556474
14	0.27863124907230896	0.2111161727411301	0.2369740162122069	0.273278561974354
15	0.3148524194796235	0.20813597115650698	0.22221551017678726	0.2547960991870823
