	A	C	G	T
0	0.32323202119315764	0.1939649929831608	0.22680367473420215	0.2559993110894794
1	0.30770288973808424	0.2227598723450242	0.18631397357383422	0.28322326434305733
2	0.3035964550381498	0.19790817959570417	0.23095199900111565	0.26754336636503034
3	0.30623994263149723	0.19854209041690177	0.24281047296643551	0.25240749398516554
4	0.30516450769275183	0.25747289895423797	0.17813720193586371	0.2592253914171465
5	0.3620976822498101	0.18843583952820764	0.12212865089688346	0.3273378273250988
6	0.28633166776284436	0.20693109354802341	0.16804105303277547	0.3386961856563568
7	0.2958929950991003	0.2175736476281054	0.22011243375286207	0.2664209235199323
8	0.3050193982817376	0.12722849241244352	0.28339612054120245	0.2843559887646165
9	0.30854283616792805	0.2436412602626633	0.22907702557495002	0.21873887799445862
10	0.27804768038431005	0.2319194549381626	0.1743595082964016	0.31567335638112576
11	0.27699348206419394	0.20047839412012355	0.24611049982873767	0.2764176239869448
12	0.3039434694681403	0.19078560627784977	0.22277863958939426	0.2824922846646156
13	0.2712173013878916	0.23886082108310436	0.1899722841922917	0.29994959333671234
14	0.28355757272004134	0.20848212996909377	0.2347413660461668	0.2732189312646981
15	0.3208822095458017	0.2034805246513367	0.2211692810380926	0.254467984764769
