	A	C	G	T
0	0.2875250471944	0.21923444066218864	0.20519957220226945	0.2880409399411419
1	0.28726772930157674	0.2144117951792669	0.2255934517354772	0.27272702378367913
2	0.29522182400497615	0.20234734791084985	0.22535637989458407	0.27707444818959
3	0.29176015314813986	0.21996226602791494	0.19523842486972945	0.29303915595421576
4	0.2896208053637044	0.2069612929604612	0.20389718094152492	0.29952072073430946
5	0.3100304866935405	0.19870516846241515	0.24273130822535588	0.24853303661868847
6	0.2965277616916685	0.19478986932452885	0.24567986960644728	0.26300249937735537
7	0.28627226100545755	0.1986325340676859	0.23228717359189383	0.28280803133496274
8	0.2350310747717673	0.2119444254403898	0.21114472883488505	0.34187977095295785
9	0.2633893740459441	0.19792692997846825	0.2508951358658226	0.287788560109765
10	0.33206066022420233	0.2332518014497071	0.17959446664177883	0.2550930716843117
11	0.3174923913451405	0.20776399729430145	0.20471505859144581	0.27002855276911225
12	0.30269674718220746	0.21824310238109731	0.2095120261548465	0.26954812428184877
13	0.2950210244699799	0.20851534578909953	0.2246218657001713	0.2718417640407492
14	0.30520308271504315	0.19910883253992154	0.2287182121272684	0.26696987261776695
15	0.2975761121367315	0.20948818878550085	0.2127630213537938	0.28017267772397386
