	A	C	G	T
0	0.32399891844208284	0.1949125114898729	0.22288098100226214	0.2582075890657821
1	0.31326607727528044	0.21582153924775951	0.18895260321902077	0.2819597802579393
2	0.31002341947521594	0.1968878918516001	0.22323755240318624	0.26985113626999774
3	0.3086382088809546	0.197557691698707	0.23414183343554487	0.2596622659847935
4	0.31046701277751987	0.26151912520477655	0.17206842239792544	0.2559454396197781
5	0.39006080529361953	0.19353788464037402	0.11248647527616223	0.3039148347898442
6	0.2869598436764099	0.2158132234483033	0.1612500712932807	0.33597686158200607
7	0.30758277433381415	0.2028574598894973	0.23072420785500336	0.25883555792168517
8	0.30634657614596966	0.12361864281280993	0.2863689179271753	0.2836658631140451
9	0.3020740191829534	0.2388155647238411	0.2436058012024982	0.2155046148907073
10	0.27761338907550903	0.22615513804269097	0.18372532528005556	0.31250614760174444
11	0.27817961942029806	0.20630339278737955	0.23599499674465851	0.2795219910476639
12	0.3042589744905712	0.19161130710171795	0.22207544042867863	0.28205427797903226
13	0.2771204049643139	0.2331262979261992	0.1943153698905397	0.2954379272189472
14	0.28556488931712926	0.21108976535921858	0.2283283336339061	0.27501701168974607
15	0.31689991364168263	0.20633774795887022	0.22030467913235804	0.25645765926708913
